-20 7.86582e-177
-19.99 1.17271e-176
-19.98 1.74803e-176
-19.97 2.60507e-176
-19.96 3.88155e-176
-19.95 5.78233e-176
-19.94 8.61219e-176
-19.93 1.28244e-175
-19.92 1.9093e-175
-19.91 2.842e-175
-19.9 4.22949e-175
-19.89 6.29309e-175
-19.88 9.36166e-175
-19.87 1.39237e-174
-19.86 2.07048e-174
-19.85 3.07821e-174
-19.84 4.57551e-174
-19.83 6.79977e-174
-19.82 1.01033e-173
-19.81 1.50087e-173
-19.8 2.22913e-173
-19.79 3.3101e-173
-19.78 4.91429e-173
-19.77 7.29447e-173
-19.76 1.08253e-172
-19.75 1.60619e-172
-19.74 2.3827e-172
-19.73 3.5339e-172
-19.72 5.24025e-172
-19.71 7.76895e-172
-19.7 1.15156e-171
-19.69 1.70657e-171
-19.68 2.52856e-171
-19.67 3.74572e-171
-19.66 5.54768e-171
-19.65 8.21486e-171
-19.64 1.21619e-170
-19.63 1.80019e-170
-19.62 2.66407e-170
-19.61 3.94173e-170
-19.6 5.83097e-170
-19.59 8.62398e-170
-19.58 1.27523e-169
-19.57 1.8853e-169
-19.56 2.78668e-169
-19.55 4.11819e-169
-19.54 6.0847e-169
-19.53 8.98844e-169
-19.52 1.32752e-168
-19.51 1.96026e-168
-19.5 2.894e-168
-19.49 4.27165e-168
-19.48 6.30386e-168
-19.47 9.30101e-168
-19.46 1.37204e-167
-19.45 2.02356e-167
-19.44 2.98386e-167
-19.43 4.39901e-167
-19.42 6.484e-167
-19.41 9.55531e-167
-19.4 1.40786e-166
-19.39 2.0739e-166
-19.38 3.05442e-166
-19.37 4.49761e-166
-19.36 6.62139e-166
-19.35 9.74606e-166
-19.34 1.43424e-165
-19.33 2.11022e-165
-19.32 3.10418e-165
-19.31 4.5654e-165
-19.3 6.71311e-165
-19.29 9.8692e-165
-19.28 1.45062e-164
-19.27 2.13176e-164
-19.26 3.13209e-164
-19.25 4.60092e-164
-19.24 6.75722e-164
-19.23 9.92211e-164
-19.22 1.45664e-163
-19.21 2.13804e-163
-19.2 3.13755e-163
-19.19 4.60341e-163
-19.18 6.75276e-163
-19.17 9.90365e-163
-19.16 1.45219e-162
-19.15 2.12894e-162
-19.14 3.12045e-162
-19.13 4.57281e-162
-19.12 6.69982e-162
-19.11 9.81422e-162
-19.1 1.43735e-161
-19.09 2.10465e-161
-19.08 3.08114e-161
-19.07 4.50979e-161
-19.06 6.59955e-161
-19.05 9.65573e-161
-19.04 1.41244e-160
-19.03 2.06569e-160
-19.02 3.02048e-160
-19.01 4.41569e-160
-19 6.45408e-160
-18.99 9.43156e-160
-18.98 1.37799e-159
-18.97 2.01289e-159
-18.96 2.93974e-159
-18.95 4.29249e-159
-18.94 6.26648e-159
-18.93 9.14641e-159
-18.92 1.33472e-158
-18.91 1.94735e-158
-18.9 2.8406e-158
-18.89 4.14275e-158
-18.88 6.04062e-158
-18.87 8.80616e-158
-18.86 1.28353e-157
-18.85 1.87041e-157
-18.84 2.72509e-157
-18.83 3.96952e-157
-18.82 5.78107e-157
-18.81 8.41767e-157
-18.8 1.22543e-156
-18.79 1.7836e-156
-18.78 2.59549e-156
-18.77 3.7762e-156
-18.76 5.49293e-156
-18.75 7.98851e-156
-18.74 1.16156e-155
-18.73 1.6886e-155
-18.72 2.4543e-155
-18.71 3.5665e-155
-18.7 5.18166e-155
-18.69 7.52676e-155
-18.68 1.0931e-154
-18.67 1.58718e-154
-18.66 2.30412e-154
-18.65 3.34424e-154
-18.64 4.85291e-154
-18.63 7.04076e-154
-18.62 1.02129e-153
-18.61 1.48113e-153
-18.6 2.14759e-153
-18.59 3.1133e-153
-18.58 4.51236e-153
-18.57 6.53883e-153
-18.56 9.47347e-153
-18.55 1.37224e-152
-18.54 1.98731e-152
-18.53 2.87749e-152
-18.52 4.16558e-152
-18.51 6.02905e-152
-18.5 8.72441e-152
-18.49 1.26222e-151
-18.48 1.82578e-151
-18.47 2.64044e-151
-18.46 3.81781e-151
-18.45 5.51908e-151
-18.44 7.97686e-151
-18.43 1.15268e-150
-18.42 1.66533e-150
-18.41 2.4055e-150
-18.4 3.47395e-150
-18.39 5.01595e-150
-18.38 7.24097e-150
-18.37 1.04509e-149
-18.36 1.50807e-149
-18.35 2.17573e-149
-18.34 3.13834e-149
-18.33 4.52594e-149
-18.32 6.52574e-149
-18.31 9.40728e-149
-18.3 1.35585e-148
-18.29 1.95376e-148
-18.28 2.81479e-148
-18.27 4.05445e-148
-18.26 5.83891e-148
-18.25 8.40706e-148
-18.24 1.21024e-147
-18.23 1.74184e-147
-18.22 2.50646e-147
-18.21 3.60599e-147
-18.2 5.18683e-147
-18.19 7.45921e-147
-18.18 1.0725e-146
-18.17 1.54175e-146
-18.16 2.21586e-146
-18.15 3.18409e-146
-18.14 4.57447e-146
-18.13 6.57067e-146
-18.12 9.43608e-146
-18.11 1.35483e-145
-18.1 1.94489e-145
-18.09 2.79135e-145
-18.08 4.00543e-145
-18.07 5.7464e-145
-18.06 8.24243e-145
-18.05 1.18203e-144
-18.04 1.69478e-144
-18.03 2.42948e-144
-18.02 3.48197e-144
-18.01 4.98941e-144
-18 7.14805e-144
-17.99 1.02385e-143
-17.98 1.46623e-143
-17.97 2.09932e-143
-17.96 3.00517e-143
-17.95 4.30103e-143
-17.94 6.15443e-143
-17.93 8.80475e-143
-17.92 1.25939e-142
-17.91 1.801e-142
-17.9 2.57503e-142
-17.89 3.68098e-142
-17.88 5.26087e-142
-17.87 7.51734e-142
-17.86 1.07395e-141
-17.85 1.53397e-141
-17.84 2.1906e-141
-17.83 3.12768e-141
-17.82 4.46472e-141
-17.81 6.37206e-141
-17.8 9.09239e-141
-17.79 1.29715e-140
-17.78 1.85018e-140
-17.77 2.63846e-140
-17.76 3.76184e-140
-17.75 5.36246e-140
-17.74 7.64258e-140
-17.73 1.089e-139
-17.72 1.55143e-139
-17.71 2.20977e-139
-17.7 3.14684e-139
-17.69 4.48039e-139
-17.68 6.37779e-139
-17.67 9.0769e-139
-17.66 1.29157e-138
-17.65 1.83743e-138
-17.64 2.61347e-138
-17.63 3.71652e-138
-17.62 5.28407e-138
-17.61 7.51128e-138
-17.6 1.06751e-137
-17.59 1.51685e-137
-17.58 2.1549e-137
-17.57 3.06073e-137
-17.56 4.34646e-137
-17.55 6.17105e-137
-17.54 8.75982e-137
-17.53 1.24321e-136
-17.52 1.76403e-136
-17.51 2.50255e-136
-17.5 3.54953e-136
-17.49 5.03352e-136
-17.48 7.13651e-136
-17.47 1.01161e-135
-17.46 1.43369e-135
-17.45 2.03146e-135
-17.44 2.87789e-135
-17.43 4.07618e-135
-17.42 5.77225e-135
-17.41 8.17242e-135
-17.4 1.15683e-134
-17.39 1.6372e-134
-17.38 2.31657e-134
-17.37 3.2772e-134
-17.36 4.63525e-134
-17.35 6.55475e-134
-17.34 9.26729e-134
-17.33 1.30997e-133
-17.32 1.85133e-133
-17.31 2.61589e-133
-17.3 3.69546e-133
-17.29 5.21951e-133
-17.28 7.37062e-133
-17.27 1.04062e-132
-17.26 1.4689e-132
-17.25 2.07303e-132
-17.24 2.92504e-132
-17.23 4.1264e-132
-17.22 5.82001e-132
-17.21 8.20709e-132
-17.2 1.15709e-131
-17.19 1.63102e-131
-17.18 2.2986e-131
-17.17 3.23877e-131
-17.16 4.56259e-131
-17.15 6.4262e-131
-17.14 9.04922e-131
-17.13 1.27403e-130
-17.12 1.79334e-130
-17.11 2.52382e-130
-17.1 3.55113e-130
-17.09 4.9956e-130
-17.08 7.02623e-130
-17.07 9.88029e-130
-17.06 1.38909e-129
-17.05 1.95256e-129
-17.04 2.74404e-129
-17.03 3.85558e-129
-17.02 5.41629e-129
-17.01 7.60724e-129
-17 1.06823e-128
-16.99 1.49974e-128
-16.98 2.10514e-128
-16.97 2.95433e-128
-16.96 4.14523e-128
-16.95 5.81504e-128
-16.94 8.15584e-128
-16.93 1.14366e-127
-16.92 1.6034e-127
-16.91 2.24748e-127
-16.9 3.14966e-127
-16.89 4.41312e-127
-16.88 6.18216e-127
-16.87 8.65859e-127
-16.86 1.21246e-126
-16.85 1.69747e-126
-16.84 2.376e-126
-16.83 3.32511e-126
-16.82 4.65242e-126
-16.81 6.50825e-126
-16.8 9.10254e-126
-16.79 1.27284e-125
-16.78 1.7795e-125
-16.77 2.48734e-125
-16.76 3.47605e-125
-16.75 4.85678e-125
-16.74 6.78461e-125
-16.73 9.47576e-125
-16.72 1.32317e-124
-16.71 1.84728e-124
-16.7 2.57846e-124
-16.69 3.59833e-124
-16.68 5.0206e-124
-16.67 7.00362e-124
-16.66 9.76793e-124
-16.65 1.36206e-123
-16.64 1.8989e-123
-16.63 2.6468e-123
-16.62 3.68853e-123
-16.61 5.13923e-123
-16.6 7.15907e-123
-16.59 9.97074e-123
-16.58 1.38839e-122
-16.57 1.9329e-122
-16.56 2.69041e-122
-16.55 3.74405e-122
-16.54 5.20928e-122
-16.53 7.24648e-122
-16.52 1.00783e-121
-16.51 1.40141e-121
-16.5 1.94828e-121
-16.49 2.70803e-121
-16.48 3.76328e-121
-16.47 5.2287e-121
-16.46 7.26329e-121
-16.45 1.00876e-120
-16.44 1.40072e-120
-16.43 1.94461e-120
-16.42 2.69913e-120
-16.41 3.74566e-120
-16.4 5.19692e-120
-16.39 7.20903e-120
-16.38 9.99817e-120
-16.37 1.38636e-119
-16.36 1.92197e-119
-16.35 2.66397e-119
-16.34 3.6917e-119
-16.33 5.11487e-119
-16.32 7.08527e-119
-16.31 9.81276e-119
-16.3 1.35875e-118
-16.29 1.88105e-118
-16.28 2.60359e-118
-16.27 3.60296e-118
-16.26 4.98493e-118
-16.25 6.8956e-118
-16.24 9.53669e-118
-16.23 1.31867e-117
-16.22 1.823e-117
-16.21 2.51972e-117
-16.2 3.48201e-117
-16.19 4.81083e-117
-16.18 6.64544e-117
-16.17 9.17783e-117
-16.16 1.26727e-116
-16.15 1.74949e-116
-16.14 2.41472e-116
-16.13 3.33224e-116
-16.12 4.59745e-116
-16.11 6.34179e-116
-16.1 8.74619e-116
-16.09 1.20598e-115
-16.08 1.66254e-115
-16.07 2.29149e-115
-16.06 3.15775e-115
-16.05 4.35061e-115
-16.04 5.99288e-115
-16.03 8.25341e-115
-16.02 1.13644e-114
-16.01 1.56448e-114
-16 2.15331e-114
-15.99 2.96317e-114
-15.98 4.0768e-114
-15.97 5.60783e-114
-15.96 7.71231e-114
-15.95 1.06044e-113
-15.94 1.45781e-113
-15.93 2.00368e-113
-15.92 2.7534e-113
-15.91 3.78289e-113
-15.9 5.19626e-113
-15.89 7.13626e-113
-15.88 9.79859e-113
-15.87 1.34515e-112
-15.86 1.84624e-112
-15.85 2.53349e-112
-15.84 3.47588e-112
-15.83 4.76785e-112
-15.82 6.53872e-112
-15.81 8.96554e-112
-15.8 1.22906e-111
-15.79 1.68455e-111
-15.78 2.30837e-111
-15.77 3.16257e-111
-15.76 4.33201e-111
-15.75 5.93268e-111
-15.74 8.12316e-111
-15.73 1.11202e-110
-15.72 1.52199e-110
-15.71 2.0827e-110
-15.7 2.8494e-110
-15.69 3.89755e-110
-15.68 5.33021e-110
-15.67 7.28802e-110
-15.66 9.96294e-110
-15.65 1.36169e-109
-15.64 1.86073e-109
-15.63 2.54214e-109
-15.62 3.4724e-109
-15.61 4.74213e-109
-15.6 6.47484e-109
-15.59 8.8389e-109
-15.58 1.20637e-108
-15.57 1.64617e-108
-15.56 2.24586e-108
-15.55 3.0634e-108
-15.54 4.17771e-108
-15.53 5.69619e-108
-15.52 7.76505e-108
-15.51 1.05832e-107
-15.5 1.44212e-107
-15.49 1.96472e-107
-15.48 2.67617e-107
-15.47 3.6445e-107
-15.46 4.96221e-107
-15.45 6.75501e-107
-15.44 9.19368e-107
-15.43 1.25102e-106
-15.42 1.70198e-106
-15.41 2.31503e-106
-15.4 3.14828e-106
-15.39 4.28057e-106
-15.38 5.81892e-106
-15.37 7.90855e-106
-15.36 1.07464e-105
-15.35 1.45997e-105
-15.34 1.98307e-105
-15.33 2.69304e-105
-15.32 3.65647e-105
-15.31 4.96357e-105
-15.3 6.73658e-105
-15.29 9.14107e-105
-15.28 1.24013e-104
-15.27 1.6821e-104
-15.26 2.28112e-104
-15.25 3.09285e-104
-15.24 4.19258e-104
-15.23 5.68221e-104
-15.22 7.69956e-104
-15.21 1.0431e-103
-15.2 1.41287e-103
-15.19 1.91333e-103
-15.18 2.59054e-103
-15.17 3.50674e-103
-15.16 4.74602e-103
-15.15 6.42198e-103
-15.14 8.68803e-103
-15.13 1.17513e-102
-15.12 1.58915e-102
-15.11 2.1486e-102
-15.1 2.90443e-102
-15.09 3.92534e-102
-15.08 5.30405e-102
-15.07 7.16557e-102
-15.06 9.67846e-102
-15.05 1.307e-101
-15.04 1.76464e-101
-15.03 2.38206e-101
-15.02 3.21484e-101
-15.01 4.33791e-101
-15 5.85214e-101
-14.99 7.89334e-101
-14.98 1.06444e-100
-14.97 1.43514e-100
-14.96 1.93454e-100
-14.95 2.60722e-100
-14.94 3.51308e-100
-14.93 4.73274e-100
-14.92 6.37456e-100
-14.91 8.58422e-100
-14.9 1.15575e-99
-14.89 1.55575e-99
-14.88 2.09377e-99
-14.87 2.81729e-99
-14.86 3.79006e-99
-14.85 5.0977e-99
-14.84 6.85512e-99
-14.83 9.21656e-99
-14.82 1.2389e-98
-14.81 1.66501e-98
-14.8 2.23722e-98
-14.79 3.00548e-98
-14.78 4.03676e-98
-14.77 5.42081e-98
-14.76 7.27795e-98
-14.75 9.76936e-98
-14.74 1.3111e-97
-14.73 1.75922e-97
-14.72 2.36002e-97
-14.71 3.16538e-97
-14.7 4.24471e-97
-14.69 5.69093e-97
-14.68 7.62836e-97
-14.67 1.02233e-96
-14.66 1.36983e-96
-14.65 1.83507e-96
-14.64 2.45784e-96
-14.63 3.29129e-96
-14.62 4.40648e-96
-14.61 5.89835e-96
-14.6 7.89372e-96
-14.59 1.0562e-95
-14.58 1.41294e-95
-14.57 1.88979e-95
-14.56 2.52707e-95
-14.55 3.37858e-95
-14.54 4.5161e-95
-14.53 6.0354e-95
-14.52 8.06419e-95
-14.51 1.07728e-94
-14.5 1.43883e-94
-14.49 1.92134e-94
-14.48 2.56514e-94
-14.47 3.42398e-94
-14.46 4.56945e-94
-14.45 6.09691e-94
-14.44 8.13333e-94
-14.43 1.08478e-93
-14.42 1.44652e-93
-14.41 1.92851e-93
-14.4 2.57059e-93
-14.39 3.42575e-93
-14.38 4.56449e-93
-14.37 6.08053e-93
-14.36 8.09848e-93
-14.35 1.0784e-92
-14.34 1.43571e-92
-14.33 1.91103e-92
-14.32 2.54321e-92
-14.31 3.38383e-92
-14.3 4.50141e-92
-14.29 5.98689e-92
-14.28 7.96099e-92
-14.27 1.05839e-91
-14.26 1.40682e-91
-14.25 1.86957e-91
-14.24 2.48404e-91
-14.23 3.29981e-91
-14.22 4.38261e-91
-14.21 5.81954e-91
-14.2 7.72606e-91
-14.19 1.02551e-90
-14.18 1.36093e-90
-14.17 1.80569e-90
-14.16 2.39532e-90
-14.15 3.17686e-90
-14.14 4.21254e-90
-14.13 5.58476e-90
-14.12 7.40247e-90
-14.11 9.80985e-90
-14.1 1.29975e-89
-14.09 1.72176e-89
-14.08 2.28032e-89
-14.07 3.01949e-89
-14.06 3.99746e-89
-14.05 5.29111e-89
-14.04 7.00201e-89
-14.03 9.26428e-89
-14.02 1.2255e-88
-14.01 1.6208e-88
-14 2.14317e-88
-13.99 2.83333e-88
-13.98 3.74499e-88
-13.97 4.94899e-88
-13.96 6.53877e-88
-13.95 8.63751e-88
-13.94 1.14076e-87
-13.93 1.5063e-87
-13.92 1.98858e-87
-13.91 2.62475e-87
-13.9 3.46373e-87
-13.89 4.56998e-87
-13.88 6.02833e-87
-13.87 7.95047e-87
-13.86 1.04834e-86
-13.85 1.38205e-86
-13.84 1.82162e-86
-13.83 2.40052e-86
-13.82 3.16275e-86
-13.81 4.16618e-86
-13.8 5.48687e-86
-13.79 7.22476e-86
-13.78 9.5112e-86
-13.77 1.25187e-85
-13.76 1.6474e-85
-13.75 2.16745e-85
-13.74 2.8511e-85
-13.73 3.74964e-85
-13.72 4.93036e-85
-13.71 6.48158e-85
-13.7 8.51915e-85
-13.69 1.1195e-84
-13.68 1.47084e-84
-13.67 1.93206e-84
-13.66 2.53739e-84
-13.65 3.33171e-84
-13.64 4.37381e-84
-13.63 5.74071e-84
-13.62 7.53328e-84
-13.61 9.88361e-84
-13.6 1.29646e-83
-13.59 1.70027e-83
-13.58 2.2294e-83
-13.57 2.92261e-83
-13.56 3.8306e-83
-13.55 5.01968e-83
-13.54 6.57655e-83
-13.53 8.61456e-83
-13.52 1.12819e-82
-13.51 1.47721e-82
-13.5 1.93381e-82
-13.49 2.53105e-82
-13.48 3.31208e-82
-13.47 4.33324e-82
-13.46 5.66811e-82
-13.45 7.4127e-82
-13.44 9.69231e-82
-13.43 1.26704e-81
-13.42 1.65603e-81
-13.41 2.164e-81
-13.4 2.82723e-81
-13.39 3.69297e-81
-13.38 4.82286e-81
-13.37 6.29718e-81
-13.36 8.22054e-81
-13.35 1.07292e-80
-13.34 1.40006e-80
-13.33 1.82659e-80
-13.32 2.38257e-80
-13.31 3.10717e-80
-13.3 4.05132e-80
-13.29 5.28131e-80
-13.28 6.88333e-80
-13.27 8.96952e-80
-13.26 1.16856e-79
-13.25 1.52212e-79
-13.24 1.98225e-79
-13.23 2.58095e-79
-13.22 3.35981e-79
-13.21 4.37283e-79
-13.2 5.69014e-79
-13.19 7.40281e-79
-13.18 9.62904e-79
-13.17 1.25223e-78
-13.16 1.62815e-78
-13.15 2.11651e-78
-13.14 2.75079e-78
-13.13 3.57445e-78
-13.12 4.64379e-78
-13.11 6.03184e-78
-13.1 7.8332e-78
-13.09 1.01705e-77
-13.08 1.32025e-77
-13.07 1.71351e-77
-13.06 2.22345e-77
-13.05 2.88457e-77
-13.04 3.74152e-77
-13.03 4.85208e-77
-13.02 6.29101e-77
-13.01 8.15504e-77
-13 1.05693e-76
-12.99 1.36954e-76
-12.98 1.77427e-76
-12.97 2.29815e-76
-12.96 2.9761e-76
-12.95 3.85328e-76
-12.94 4.988e-76
-12.93 6.45558e-76
-12.92 8.35328e-76
-12.91 1.08067e-75
-12.9 1.39778e-75
-12.89 1.80759e-75
-12.88 2.33707e-75
-12.87 3.02105e-75
-12.86 3.90443e-75
-12.85 5.0451e-75
-12.84 6.5177e-75
-12.83 8.41844e-75
-12.82 1.08713e-74
-12.81 1.40361e-74
-12.8 1.81185e-74
-12.79 2.33836e-74
-12.78 3.01726e-74
-12.77 3.8925e-74
-12.76 5.0206e-74
-12.75 6.47436e-74
-12.74 8.34738e-74
-12.73 1.07601e-73
-12.72 1.38674e-73
-12.71 1.78685e-73
-12.7 2.30194e-73
-12.69 2.96491e-73
-12.68 3.81805e-73
-12.67 4.9157e-73
-12.66 6.32765e-73
-12.65 8.14351e-73
-12.64 1.04784e-72
-12.63 1.348e-72
-12.62 1.73379e-72
-12.61 2.22956e-72
-12.6 2.8665e-72
-12.59 3.68467e-72
-12.58 4.73542e-72
-12.57 6.08458e-72
-12.56 7.81657e-72
-12.55 1.00396e-71
-12.54 1.28921e-71
-12.53 1.6552e-71
-12.52 2.12464e-71
-12.51 2.72669e-71
-12.5 3.49863e-71
-12.49 4.48822e-71
-12.48 5.75655e-71
-12.47 7.38181e-71
-12.46 9.46405e-71
-12.45 1.21312e-70
-12.44 1.55469e-70
-12.43 1.99203e-70
-12.42 2.55189e-70
-12.41 3.26844e-70
-12.4 4.18535e-70
-12.39 5.3584e-70
-12.38 6.85887e-70
-12.37 8.77773e-70
-12.36 1.12312e-69
-12.35 1.43675e-69
-12.34 1.83759e-69
-12.33 2.3498e-69
-12.32 3.00417e-69
-12.31 3.84e-69
-12.3 4.90739e-69
-12.29 6.27023e-69
-12.28 8.00994e-69
-12.27 1.02303e-68
-12.26 1.30635e-68
-12.25 1.6678e-68
-12.24 2.12883e-68
-12.23 2.71675e-68
-12.22 3.46635e-68
-12.21 4.42189e-68
-12.2 5.63971e-68
-12.19 7.19147e-68
-12.18 9.16837e-68
-12.17 1.16864e-67
-12.16 1.48929e-67
-12.15 1.89754e-67
-12.14 2.41722e-67
-12.13 3.07861e-67
-12.12 3.92019e-67
-12.11 4.99081e-67
-12.1 6.35254e-67
-12.09 8.08421e-67
-12.08 1.02858e-66
-12.07 1.30845e-66
-12.06 1.66412e-66
-12.05 2.11605e-66
-12.04 2.69017e-66
-12.03 3.41937e-66
-12.02 4.34536e-66
-12.01 5.52101e-66
-12 7.01332e-66
-11.99 8.90721e-66
-11.98 1.13103e-65
-11.97 1.43588e-65
-11.96 1.82253e-65
-11.95 2.31283e-65
-11.94 2.93444e-65
-11.93 3.72238e-65
-11.92 4.72095e-65
-11.91 5.98619e-65
-11.9 7.58899e-65
-11.89 9.61902e-65
-11.88 1.21896e-64
-11.87 1.54441e-64
-11.86 1.95636e-64
-11.85 2.47769e-64
-11.84 3.13731e-64
-11.83 3.97174e-64
-11.82 5.0271e-64
-11.81 6.3616e-64
-11.8 8.04876e-64
-11.79 1.01813e-63
-11.78 1.28763e-63
-11.77 1.62814e-63
-11.76 2.05829e-63
-11.75 2.60155e-63
-11.74 3.28755e-63
-11.73 4.15359e-63
-11.72 5.24673e-63
-11.71 6.62623e-63
-11.7 8.36675e-63
-11.69 1.05623e-62
-11.68 1.33314e-62
-11.67 1.68231e-62
-11.66 2.1225e-62
-11.65 2.67733e-62
-11.64 3.37652e-62
-11.63 4.25745e-62
-11.62 5.36714e-62
-11.61 6.76471e-62
-11.6 8.52448e-62
-11.59 1.07399e-61
-11.58 1.35283e-61
-11.57 1.70373e-61
-11.56 2.14522e-61
-11.55 2.70056e-61
-11.54 3.39899e-61
-11.53 4.27719e-61
-11.52 5.38121e-61
-11.51 6.76884e-61
-11.5 8.51259e-61
-11.49 1.07034e-60
-11.48 1.34553e-60
-11.47 1.69114e-60
-11.46 2.12509e-60
-11.45 2.66986e-60
-11.44 3.35361e-60
-11.43 4.21162e-60
-11.42 5.28809e-60
-11.41 6.63837e-60
-11.4 8.33176e-60
-11.39 1.0455e-59
-11.38 1.31167e-59
-11.37 1.64528e-59
-11.36 2.06332e-59
-11.35 2.58705e-59
-11.34 3.24308e-59
-11.33 4.06464e-59
-11.32 5.0933e-59
-11.31 6.38102e-59
-11.3 7.9927e-59
-11.29 1.00094e-58
-11.28 1.25325e-58
-11.27 1.56885e-58
-11.26 1.96352e-58
-11.25 2.45698e-58
-11.24 3.07385e-58
-11.23 3.84481e-58
-11.22 4.80818e-58
-11.21 6.01173e-58
-11.2 7.51503e-58
-11.19 9.39236e-58
-11.18 1.17363e-57
-11.17 1.46623e-57
-11.16 1.8314e-57
-11.15 2.28707e-57
-11.14 2.85553e-57
-11.13 3.56458e-57
-11.12 4.44879e-57
-11.11 5.55122e-57
-11.1 6.92545e-57
-11.09 8.63814e-57
-11.08 1.07722e-56
-11.07 1.34308e-56
-11.06 1.67422e-56
-11.05 2.08659e-56
-11.04 2.59999e-56
-11.03 3.23908e-56
-11.02 4.03444e-56
-11.01 5.02409e-56
-11 6.25525e-56
-10.99 7.78654e-56
-10.98 9.69075e-56
-10.97 1.20582e-55
-10.96 1.5001e-55
-10.95 1.86583e-55
-10.94 2.32026e-55
-10.93 2.88478e-55
-10.92 3.58594e-55
-10.91 4.45661e-55
-10.9 5.53758e-55
-10.89 6.87936e-55
-10.88 8.54454e-55
-10.87 1.06107e-54
-10.86 1.31737e-54
-10.85 1.63526e-54
-10.84 2.02945e-54
-10.83 2.51816e-54
-10.82 3.12393e-54
-10.81 3.87464e-54
-10.8 4.80478e-54
-10.79 5.95703e-54
-10.78 7.3841e-54
-10.77 9.15122e-54
-10.76 1.1339e-53
-10.75 1.40469e-53
-10.74 1.7398e-53
-10.73 2.15443e-53
-10.72 2.66733e-53
-10.71 3.30167e-53
-10.7 4.08606e-53
-10.69 5.05578e-53
-10.68 6.25438e-53
-10.67 7.73559e-53
-10.66 9.56566e-53
-10.65 1.18263e-52
-10.64 1.46183e-52
-10.63 1.80658e-52
-10.62 2.23218e-52
-10.61 2.75749e-52
-10.6 3.40575e-52
-10.59 4.20556e-52
-10.58 5.19215e-52
-10.57 6.40891e-52
-10.56 7.90921e-52
-10.55 9.75877e-52
-10.54 1.20384e-51
-10.53 1.48476e-51
-10.52 1.83087e-51
-10.51 2.2572e-51
-10.5 2.78225e-51
-10.49 3.42874e-51
-10.48 4.22461e-51
-10.47 5.20416e-51
-10.46 6.40955e-51
-10.45 7.89254e-51
-10.44 9.71671e-51
-10.43 1.19601e-50
-10.42 1.47184e-50
-10.41 1.81093e-50
-10.4 2.2277e-50
-10.39 2.73982e-50
-10.38 3.369e-50
-10.37 4.14183e-50
-10.36 5.09092e-50
-10.35 6.25624e-50
-10.34 7.68676e-50
-10.33 9.44247e-50
-10.32 1.15969e-49
-10.31 1.424e-49
-10.3 1.74819e-49
-10.29 2.14577e-49
-10.28 2.63323e-49
-10.27 3.23078e-49
-10.26 3.96314e-49
-10.25 4.86053e-49
-10.24 5.95993e-49
-10.23 7.30653e-49
-10.22 8.95558e-49
-10.21 1.09746e-48
-10.2 1.34461e-48
-10.19 1.64709e-48
-10.18 2.01721e-48
-10.17 2.47e-48
-10.16 3.02382e-48
-10.15 3.70108e-48
-10.14 4.52911e-48
-10.13 5.54127e-48
-10.12 6.77828e-48
-10.11 8.28976e-48
-10.1 1.01363e-47
-10.09 1.23915e-47
-10.08 1.51456e-47
-10.07 1.8508e-47
-10.06 2.26124e-47
-10.05 2.76213e-47
-10.04 3.37331e-47
-10.03 4.11889e-47
-10.02 5.02826e-47
-10.01 6.13716e-47
-10 7.4891e-47
-9.99 9.13703e-47
-9.98 1.11453e-46
-9.97 1.35923e-46
-9.96 1.65732e-46
-9.95 2.02038e-46
-9.94 2.46247e-46
-9.93 3.0007e-46
-9.92 3.65584e-46
-9.91 4.45312e-46
-9.9 5.42317e-46
-9.89 6.60322e-46
-9.88 8.03842e-46
-9.87 9.78359e-46
-9.86 1.19053e-45
-9.85 1.44841e-45
-9.84 1.7618e-45
-9.83 2.14258e-45
-9.82 2.60512e-45
-9.81 3.16688e-45
-9.8 3.849e-45
-9.79 4.6771e-45
-9.78 5.68223e-45
-9.77 6.90198e-45
-9.76 8.38187e-45
-9.75 1.0177e-44
-9.74 1.23542e-44
-9.73 1.49941e-44
-9.72 1.81944e-44
-9.71 2.20733e-44
-9.7 2.67739e-44
-9.69 3.24689e-44
-9.68 3.93674e-44
-9.67 4.77219e-44
-9.66 5.78378e-44
-9.65 7.0084e-44
-9.64 8.4906e-44
-9.63 1.02842e-43
-9.62 1.24542e-43
-9.61 1.5079e-43
-9.6 1.82534e-43
-9.59 2.20916e-43
-9.58 2.67314e-43
-9.57 3.23393e-43
-9.56 3.91157e-43
-9.55 4.73026e-43
-9.54 5.71915e-43
-9.53 6.91337e-43
-9.52 8.35529e-43
-9.51 1.00959e-42
-9.5 1.21967e-42
-9.49 1.47317e-42
-9.48 1.779e-42
-9.47 2.14788e-42
-9.46 2.59273e-42
-9.45 3.12909e-42
-9.44 3.77564e-42
-9.43 4.55488e-42
-9.42 5.49382e-42
-9.41 6.625e-42
-9.4 7.98747e-42
-9.39 9.62821e-42
-9.38 1.16036e-41
-9.37 1.39816e-41
-9.36 1.68434e-41
-9.35 2.0287e-41
-9.34 2.44296e-41
-9.33 2.94123e-41
-9.32 3.54041e-41
-9.31 4.2608e-41
-9.3 5.12674e-41
-9.29 6.16742e-41
-9.28 7.41787e-41
-9.27 8.92005e-41
-9.26 1.07243e-40
-9.25 1.28908e-40
-9.24 1.5492e-40
-9.23 1.86143e-40
-9.22 2.23613e-40
-9.21 2.68572e-40
-9.2 3.22506e-40
-9.19 3.87192e-40
-9.18 4.64759e-40
-9.17 5.57754e-40
-9.16 6.69221e-40
-9.15 8.02803e-40
-9.14 9.62856e-40
-9.13 1.15459e-39
-9.12 1.38422e-39
-9.11 1.65918e-39
-9.1 1.98837e-39
-9.09 2.38239e-39
-9.08 2.85391e-39
-9.07 3.41807e-39
-9.06 4.09293e-39
-9.05 4.90005e-39
-9.04 5.86514e-39
-9.03 7.01891e-39
-9.02 8.39795e-39
-9.01 1.00459e-38
-9 1.20149e-38
-8.99 1.43668e-38
-8.98 1.71757e-38
-8.97 2.05296e-38
-8.96 2.45336e-38
-8.95 2.93125e-38
-8.94 3.50152e-38
-8.93 4.18191e-38
-8.92 4.99349e-38
-8.91 5.96138e-38
-8.9 7.11544e-38
-8.89 8.4912e-38
-8.88 1.01309e-37
-8.87 1.20849e-37
-8.86 1.44128e-37
-8.85 1.71856e-37
-8.84 2.04878e-37
-8.83 2.44196e-37
-8.82 2.91001e-37
-8.81 3.46708e-37
-8.8 4.12995e-37
-8.79 4.91856e-37
-8.78 5.85658e-37
-8.77 6.97209e-37
-8.76 8.29839e-37
-8.75 9.87502e-37
-8.74 1.17488e-36
-8.73 1.39754e-36
-8.72 1.66205e-36
-8.71 1.97624e-36
-8.7 2.34934e-36
-8.69 2.79232e-36
-8.68 3.31816e-36
-8.67 3.94222e-36
-8.66 4.68272e-36
-8.65 5.56119e-36
-8.64 6.60313e-36
-8.63 7.83871e-36
-8.62 9.30362e-36
-8.61 1.10401e-35
-8.6 1.3098e-35
-8.59 1.55364e-35
-8.58 1.8425e-35
-8.57 2.18463e-35
-8.56 2.58976e-35
-8.55 3.06941e-35
-8.54 3.63716e-35
-8.53 4.30906e-35
-8.52 5.10406e-35
-8.51 6.04451e-35
-8.5 7.1568e-35
-8.49 8.47207e-35
-8.48 1.0027e-34
-8.47 1.1865e-34
-8.46 1.40371e-34
-8.45 1.66034e-34
-8.44 1.9635e-34
-8.43 2.32154e-34
-8.42 2.74432e-34
-8.41 3.24343e-34
-8.4 3.83255e-34
-8.39 4.52777e-34
-8.38 5.34801e-34
-8.37 6.31558e-34
-8.36 7.4567e-34
-8.35 8.80223e-34
-8.34 1.03885e-33
-8.33 1.22581e-33
-8.32 1.44613e-33
-8.31 1.7057e-33
-8.3 2.01146e-33
-8.29 2.37155e-33
-8.28 2.79554e-33
-8.27 3.29467e-33
-8.26 3.88213e-33
-8.25 4.57342e-33
-8.24 5.38673e-33
-8.23 6.34338e-33
-8.22 7.46844e-33
-8.21 8.79125e-33
-8.2 1.03463e-32
-8.19 1.21739e-32
-8.18 1.43215e-32
-8.17 1.68446e-32
-8.16 1.98082e-32
-8.15 2.32884e-32
-8.14 2.73747e-32
-8.13 3.21714e-32
-8.12 3.7801e-32
-8.11 4.44068e-32
-8.1 5.21565e-32
-8.09 6.12463e-32
-8.08 7.19057e-32
-8.07 8.44033e-32
-8.06 9.90531e-32
-8.05 1.16222e-31
-8.04 1.3634e-31
-8.03 1.59907e-31
-8.02 1.87511e-31
-8.01 2.19835e-31
-8 2.5768e-31
-7.99 3.01979e-31
-7.98 3.53822e-31
-7.97 4.14482e-31
-7.96 4.85444e-31
-7.95 5.68441e-31
-7.94 6.65493e-31
-7.93 7.78958e-31
-7.92 9.11585e-31
-7.91 1.06658e-30
-7.9 1.24767e-30
-7.89 1.45922e-30
-7.88 1.70629e-30
-7.87 1.9948e-30
-7.86 2.33162e-30
-7.85 2.72475e-30
-7.84 3.18354e-30
-7.83 3.71882e-30
-7.82 4.34323e-30
-7.81 5.07145e-30
-7.8 5.92059e-30
-7.79 6.91051e-30
-7.78 8.06431e-30
-7.77 9.40886e-30
-7.76 1.09754e-29
-7.75 1.28001e-29
-7.74 1.49252e-29
-7.73 1.73996e-29
-7.72 2.02802e-29
-7.71 2.36328e-29
-7.7 2.75342e-29
-7.69 3.20732e-29
-7.68 3.73528e-29
-7.67 4.34928e-29
-7.66 5.06318e-29
-7.65 5.89308e-29
-7.64 6.85762e-29
-7.63 7.97842e-29
-7.62 9.28053e-29
-7.61 1.0793e-28
-7.6 1.25494e-28
-7.59 1.45886e-28
-7.58 1.69559e-28
-7.57 1.97033e-28
-7.56 2.28912e-28
-7.55 2.65896e-28
-7.54 3.08792e-28
-7.53 3.58537e-28
-7.52 4.16211e-28
-7.51 4.83065e-28
-7.5 5.60545e-28
-7.49 6.50321e-28
-7.48 7.54322e-28
-7.47 8.7478e-28
-7.46 1.01427e-27
-7.45 1.17576e-27
-7.44 1.36269e-27
-7.43 1.57903e-27
-7.42 1.82933e-27
-7.41 2.11889e-27
-7.4 2.45379e-27
-7.39 2.84104e-27
-7.38 3.28875e-27
-7.37 3.80624e-27
-7.36 4.40426e-27
-7.35 5.09522e-27
-7.34 5.8934e-27
-7.33 6.81523e-27
-7.32 7.87966e-27
-7.31 9.10849e-27
-7.3 1.05268e-26
-7.29 1.21636e-26
-7.28 1.4052e-26
-7.27 1.62303e-26
-7.26 1.87425e-26
-7.25 2.16392e-26
-7.24 2.49786e-26
-7.23 2.88274e-26
-7.22 3.32625e-26
-7.21 3.83723e-26
-7.2 4.42581e-26
-7.19 5.10364e-26
-7.18 5.8841e-26
-7.17 6.78253e-26
-7.16 7.81656e-26
-7.15 9.00642e-26
-7.14 1.03753e-25
-7.13 1.19498e-25
-7.12 1.37605e-25
-7.11 1.58424e-25
-7.1 1.82355e-25
-7.09 2.0986e-25
-7.08 2.41463e-25
-7.07 2.7777e-25
-7.06 3.19472e-25
-7.05 3.6736e-25
-7.04 4.22342e-25
-7.03 4.85454e-25
-7.02 5.57884e-25
-7.01 6.40991e-25
-7 7.3633e-25
-6.99 8.45679e-25
-6.98 9.71071e-25
-6.97 1.11483e-24
-6.96 1.27961e-24
-6.95 1.46845e-24
-6.94 1.68482e-24
-6.93 1.93268e-24
-6.92 2.21656e-24
-6.91 2.54162e-24
-6.9 2.91375e-24
-6.89 3.33971e-24
-6.88 3.82715e-24
-6.87 4.38486e-24
-6.86 5.02282e-24
-6.85 5.75244e-24
-6.84 6.58671e-24
-6.83 7.54045e-24
-6.82 8.63054e-24
-6.81 9.87623e-24
-6.8 1.12994e-23
-6.79 1.29251e-23
-6.78 1.47817e-23
-6.77 1.69015e-23
-6.76 1.93215e-23
-6.75 2.20834e-23
-6.74 2.52351e-23
-6.73 2.88307e-23
-6.72 3.2932e-23
-6.71 3.76092e-23
-6.7 4.29419e-23
-6.69 4.90208e-23
-6.68 5.5949e-23
-6.67 6.38434e-23
-6.66 7.2837e-23
-6.65 8.30807e-23
-6.64 9.47459e-23
-6.63 1.08027e-22
-6.62 1.23145e-22
-6.61 1.40351e-22
-6.6 1.59928e-22
-6.59 1.82198e-22
-6.58 2.07528e-22
-6.57 2.36332e-22
-6.56 2.6908e-22
-6.55 3.06302e-22
-6.54 3.48604e-22
-6.53 3.96667e-22
-6.52 4.51265e-22
-6.51 5.13275e-22
-6.5 5.83688e-22
-6.49 6.63626e-22
-6.48 7.54358e-22
-6.47 8.57323e-22
-6.46 9.74144e-22
-6.45 1.10666e-21
-6.44 1.25695e-21
-6.43 1.42736e-21
-6.42 1.62054e-21
-6.41 1.83949e-21
-6.4 2.08761e-21
-6.39 2.36872e-21
-6.38 2.68713e-21
-6.37 3.04773e-21
-6.36 3.45602e-21
-6.35 3.91821e-21
-6.34 4.44132e-21
-6.33 5.03324e-21
-6.32 5.7029e-21
-6.31 6.46034e-21
-6.3 7.31691e-21
-6.29 8.28537e-21
-6.28 9.38011e-21
-6.27 1.06174e-20
-6.26 1.20154e-20
-6.25 1.35947e-20
-6.24 1.53785e-20
-6.23 1.73928e-20
-6.22 1.9667e-20
-6.21 2.2234e-20
-6.2 2.51311e-20
-6.19 2.83998e-20
-6.18 3.20872e-20
-6.17 3.6246e-20
-6.16 4.09356e-20
-6.15 4.62225e-20
-6.14 5.21816e-20
-6.13 5.88971e-20
-6.12 6.64634e-20
-6.11 7.49865e-20
-6.1 8.45854e-20
-6.09 9.53938e-20
-6.08 1.07561e-19
-6.07 1.21256e-19
-6.06 1.36667e-19
-6.05 1.54006e-19
-6.04 1.73509e-19
-6.03 1.95442e-19
-6.02 2.20103e-19
-6.01 2.47826e-19
-6 2.78983e-19
-5.99 3.13995e-19
-5.98 3.53328e-19
-5.97 3.97508e-19
-5.96 4.47122e-19
-5.95 5.02826e-19
-5.94 5.65355e-19
-5.93 6.35531e-19
-5.92 7.14273e-19
-5.91 8.02609e-19
-5.9 9.01685e-19
-5.89 1.01279e-18
-5.88 1.13735e-18
-5.87 1.27697e-18
-5.86 1.43344e-18
-5.85 1.60876e-18
-5.84 1.80515e-18
-5.83 2.0251e-18
-5.82 2.2714e-18
-5.81 2.54713e-18
-5.8 2.85576e-18
-5.79 3.20113e-18
-5.78 3.58755e-18
-5.77 4.01979e-18
-5.76 4.50319e-18
-5.75 5.04371e-18
-5.74 5.64795e-18
-5.73 6.3233e-18
-5.72 7.07797e-18
-5.71 7.9211e-18
-5.7 8.86286e-18
-5.69 9.91458e-18
-5.68 1.10888e-17
-5.67 1.23997e-17
-5.66 1.38626e-17
-5.65 1.54951e-17
-5.64 1.73162e-17
-5.63 1.93474e-17
-5.62 2.16126e-17
-5.61 2.4138e-17
-5.6 2.6953e-17
-5.59 3.00902e-17
-5.58 3.35858e-17
-5.57 3.74798e-17
-5.56 4.18167e-17
-5.55 4.66461e-17
-5.54 5.20226e-17
-5.53 5.8007e-17
-5.52 6.46667e-17
-5.51 7.20764e-17
-5.5 8.03187e-17
-5.49 8.94854e-17
-5.48 9.9678e-17
-5.47 1.11009e-16
-5.46 1.23603e-16
-5.45 1.37598e-16
-5.44 1.53146e-16
-5.43 1.70416e-16
-5.42 1.89595e-16
-5.41 2.1089e-16
-5.4 2.34529e-16
-5.39 2.60765e-16
-5.38 2.89877e-16
-5.37 3.22173e-16
-5.36 3.57994e-16
-5.35 3.97718e-16
-5.34 4.41759e-16
-5.33 4.90577e-16
-5.32 5.4468e-16
-5.31 6.04626e-16
-5.3 6.71032e-16
-5.29 7.44581e-16
-5.28 8.26023e-16
-5.27 9.16186e-16
-5.26 1.01598e-15
-5.25 1.12642e-15
-5.24 1.24861e-15
-5.23 1.38378e-15
-5.22 1.53326e-15
-5.21 1.69855e-15
-5.2 1.88126e-15
-5.19 2.08321e-15
-5.18 2.30637e-15
-5.17 2.55292e-15
-5.16 2.82524e-15
-5.15 3.12598e-15
-5.14 3.45802e-15
-5.13 3.82456e-15
-5.12 4.22908e-15
-5.11 4.67544e-15
-5.1 5.16785e-15
-5.09 5.71096e-15
-5.08 6.30987e-15
-5.07 6.97015e-15
-5.06 7.69797e-15
-5.05 8.50004e-15
-5.04 9.38378e-15
-5.03 1.03573e-14
-5.02 1.14294e-14
-5.01 1.261e-14
-5 1.39097e-14
-4.99 1.53402e-14
-4.98 1.69144e-14
-4.97 1.86463e-14
-4.96 2.05514e-14
-4.95 2.26465e-14
-4.94 2.495e-14
-4.93 2.74823e-14
-4.92 3.02654e-14
-4.91 3.33235e-14
-4.9 3.66832e-14
-4.89 4.03733e-14
-4.88 4.44256e-14
-4.87 4.88746e-14
-4.86 5.37582e-14
-4.85 5.91177e-14
-4.84 6.49982e-14
-4.83 7.1449e-14
-4.82 7.85241e-14
-4.81 8.62821e-14
-4.8 9.47872e-14
-4.79 1.04109e-13
-4.78 1.14325e-13
-4.77 1.25518e-13
-4.76 1.37778e-13
-4.75 1.51204e-13
-4.74 1.65905e-13
-4.73 1.81999e-13
-4.72 1.99612e-13
-4.71 2.18886e-13
-4.7 2.39971e-13
-4.69 2.63034e-13
-4.68 2.88254e-13
-4.67 3.15827e-13
-4.66 3.45968e-13
-4.65 3.78907e-13
-4.64 4.14898e-13
-4.63 4.54214e-13
-4.62 4.97154e-13
-4.61 5.44043e-13
-4.6 5.95231e-13
-4.59 6.51103e-13
-4.58 7.12073e-13
-4.57 7.78593e-13
-4.56 8.51153e-13
-4.55 9.30284e-13
-4.54 1.01656e-12
-4.53 1.11062e-12
-4.52 1.21313e-12
-4.51 1.32483e-12
-4.5 1.44651e-12
-4.49 1.57905e-12
-4.48 1.72338e-12
-4.47 1.88052e-12
-4.46 2.05156e-12
-4.45 2.23771e-12
-4.44 2.44024e-12
-4.43 2.66056e-12
-4.42 2.90017e-12
-4.41 3.16072e-12
-4.4 3.44396e-12
-4.39 3.75182e-12
-4.38 4.08636e-12
-4.37 4.44982e-12
-4.36 4.84461e-12
-4.35 5.27335e-12
-4.34 5.73884e-12
-4.33 6.24415e-12
-4.32 6.79256e-12
-4.31 7.38761e-12
-4.3 8.03314e-12
-4.29 8.73328e-12
-4.28 9.4925e-12
-4.27 1.03156e-11
-4.26 1.12078e-11
-4.25 1.21746e-11
-4.24 1.32221e-11
-4.23 1.43568e-11
-4.22 1.55856e-11
-4.21 1.69162e-11
-4.2 1.83566e-11
-4.19 1.99155e-11
-4.18 2.16024e-11
-4.17 2.34273e-11
-4.16 2.54012e-11
-4.15 2.75357e-11
-4.14 2.98435e-11
-4.13 3.2338e-11
-4.12 3.50338e-11
-4.11 3.79465e-11
-4.1 4.10929e-11
-4.09 4.4491e-11
-4.08 4.81603e-11
-4.07 5.21214e-11
-4.06 5.63966e-11
-4.05 6.101e-11
-4.04 6.59872e-11
-4.03 7.13557e-11
-4.02 7.7145e-11
-4.01 8.33869e-11
-4 9.01152e-11
-3.99 9.73663e-11
-3.98 1.05179e-10
-3.97 1.13596e-10
-3.96 1.2266e-10
-3.95 1.32421e-10
-3.94 1.42928e-10
-3.93 1.54238e-10
-3.92 1.66408e-10
-3.91 1.79502e-10
-3.9 1.93585e-10
-3.89 2.08731e-10
-3.88 2.25015e-10
-3.87 2.42519e-10
-3.86 2.61331e-10
-3.85 2.81544e-10
-3.84 3.03258e-10
-3.83 3.26579e-10
-3.82 3.5162e-10
-3.81 3.78503e-10
-3.8 4.07358e-10
-3.79 4.38321e-10
-3.78 4.7154e-10
-3.77 5.07172e-10
-3.76 5.45383e-10
-3.75 5.86352e-10
-3.74 6.30268e-10
-3.73 6.77333e-10
-3.72 7.27762e-10
-3.71 7.81783e-10
-3.7 8.3964e-10
-3.69 9.01592e-10
-3.68 9.67914e-10
-3.67 1.0389e-09
-3.66 1.11486e-09
-3.65 1.19613e-09
-3.64 1.28305e-09
-3.63 1.376e-09
-3.62 1.47539e-09
-3.61 1.58162e-09
-3.6 1.69515e-09
-3.59 1.81645e-09
-3.58 1.94603e-09
-3.57 2.08441e-09
-3.56 2.23218e-09
-3.55 2.38992e-09
-3.54 2.55828e-09
-3.53 2.73793e-09
-3.52 2.92958e-09
-3.51 3.134e-09
-3.5 3.35198e-09
-3.49 3.58438e-09
-3.48 3.8321e-09
-3.47 4.09608e-09
-3.46 4.37733e-09
-3.45 4.67692e-09
-3.44 4.99598e-09
-3.43 5.33568e-09
-3.42 5.6973e-09
-3.41 6.08216e-09
-3.4 6.49166e-09
-3.39 6.92729e-09
-3.38 7.39061e-09
-3.37 7.88327e-09
-3.36 8.40701e-09
-3.35 8.96368e-09
-3.34 9.55521e-09
-3.33 1.01837e-08
-3.32 1.08512e-08
-3.31 1.156e-08
-3.3 1.23126e-08
-3.29 1.31114e-08
-3.28 1.39591e-08
-3.27 1.48585e-08
-3.26 1.58126e-08
-3.25 1.68244e-08
-3.24 1.78972e-08
-3.23 1.90344e-08
-3.22 2.02397e-08
-3.21 2.15167e-08
-3.2 2.28695e-08
-3.19 2.43023e-08
-3.18 2.58194e-08
-3.17 2.74255e-08
-3.16 2.91254e-08
-3.15 3.09241e-08
-3.14 3.2827e-08
-3.13 3.48397e-08
-3.12 3.69681e-08
-3.11 3.92182e-08
-3.1 4.15965e-08
-3.09 4.41097e-08
-3.08 4.6765e-08
-3.07 4.95696e-08
-3.06 5.25314e-08
-3.05 5.56585e-08
-3.04 5.89592e-08
-3.03 6.24426e-08
-3.02 6.61178e-08
-3.01 6.99945e-08
-3 7.40829e-08
-2.99 7.83936e-08
-2.98 8.29375e-08
-2.97 8.77264e-08
-2.96 9.27721e-08
-2.95 9.80873e-08
-2.94 1.03685e-07
-2.93 1.09579e-07
-2.92 1.15784e-07
-2.91 1.22314e-07
-2.9 1.29185e-07
-2.89 1.36413e-07
-2.88 1.44015e-07
-2.87 1.52008e-07
-2.86 1.60411e-07
-2.85 1.69243e-07
-2.84 1.78522e-07
-2.83 1.88271e-07
-2.82 1.9851e-07
-2.81 2.09261e-07
-2.8 2.20548e-07
-2.79 2.32394e-07
-2.78 2.44824e-07
-2.77 2.57864e-07
-2.76 2.7154e-07
-2.75 2.85882e-07
-2.74 3.00916e-07
-2.73 3.16673e-07
-2.72 3.33185e-07
-2.71 3.50483e-07
-2.7 3.68599e-07
-2.69 3.8757e-07
-2.68 4.0743e-07
-2.67 4.28215e-07
-2.66 4.49965e-07
-2.65 4.72719e-07
-2.64 4.96516e-07
-2.63 5.214e-07
-2.62 5.47414e-07
-2.61 5.74602e-07
-2.6 6.03011e-07
-2.59 6.32688e-07
-2.58 6.63684e-07
-2.57 6.96048e-07
-2.56 7.29834e-07
-2.55 7.65095e-07
-2.54 8.01886e-07
-2.53 8.40266e-07
-2.52 8.80293e-07
-2.51 9.22028e-07
-2.5 9.65533e-07
-2.49 1.01087e-06
-2.48 1.05811e-06
-2.47 1.10732e-06
-2.46 1.15856e-06
-2.45 1.21192e-06
-2.44 1.26746e-06
-2.43 1.32525e-06
-2.42 1.38538e-06
-2.41 1.44792e-06
-2.4 1.51296e-06
-2.39 1.58058e-06
-2.38 1.65086e-06
-2.37 1.72389e-06
-2.36 1.79975e-06
-2.35 1.87855e-06
-2.34 1.96037e-06
-2.33 2.04531e-06
-2.32 2.13346e-06
-2.31 2.22492e-06
-2.3 2.3198e-06
-2.29 2.41819e-06
-2.28 2.5202e-06
-2.27 2.62594e-06
-2.26 2.73552e-06
-2.25 2.84905e-06
-2.24 2.96663e-06
-2.23 3.08839e-06
-2.22 3.21444e-06
-2.21 3.3449e-06
-2.2 3.47988e-06
-2.19 3.61951e-06
-2.18 3.76391e-06
-2.17 3.91321e-06
-2.16 4.06753e-06
-2.15 4.227e-06
-2.14 4.39175e-06
-2.13 4.56191e-06
-2.12 4.73761e-06
-2.11 4.91898e-06
-2.1 5.10617e-06
-2.09 5.29929e-06
-2.08 5.49849e-06
-2.07 5.70391e-06
-2.06 5.91568e-06
-2.05 6.13394e-06
-2.04 6.35883e-06
-2.03 6.59049e-06
-2.02 6.82906e-06
-2.01 7.07467e-06
-2 7.32748e-06
-1.99 7.58761e-06
-1.98 7.8552e-06
-1.97 8.1304e-06
-1.96 8.41333e-06
-1.95 8.70415e-06
-1.94 9.00299e-06
-1.93 9.30997e-06
-1.92 9.62524e-06
-1.91 9.94892e-06
-1.9 1.02811e-05
-1.89 1.06221e-05
-1.88 1.09718e-05
-1.87 1.13304e-05
-1.86 1.16981e-05
-1.85 1.20749e-05
-1.84 1.24611e-05
-1.83 1.28566e-05
-1.82 1.32616e-05
-1.81 1.36763e-05
-1.8 1.41006e-05
-1.79 1.45348e-05
-1.78 1.49789e-05
-1.77 1.5433e-05
-1.76 1.58971e-05
-1.75 1.63714e-05
-1.74 1.6856e-05
-1.73 1.73508e-05
-1.72 1.7856e-05
-1.71 1.83716e-05
-1.7 1.88977e-05
-1.69 1.94342e-05
-1.68 1.99813e-05
-1.67 2.0539e-05
-1.66 2.11073e-05
-1.65 2.16862e-05
-1.64 2.22756e-05
-1.63 2.28757e-05
-1.62 2.34863e-05
-1.61 2.41075e-05
-1.6 2.47393e-05
-1.59 2.53815e-05
-1.58 2.60341e-05
-1.57 2.66972e-05
-1.56 2.73705e-05
-1.55 2.8054e-05
-1.54 2.87477e-05
-1.53 2.94514e-05
-1.52 3.0165e-05
-1.51 3.08883e-05
-1.5 3.16213e-05
-1.49 3.23638e-05
-1.48 3.31156e-05
-1.47 3.38766e-05
-1.46 3.46465e-05
-1.45 3.54251e-05
-1.44 3.62123e-05
-1.43 3.70078e-05
-1.42 3.78113e-05
-1.41 3.86227e-05
-1.4 3.94416e-05
-1.39 4.02677e-05
-1.38 4.11008e-05
-1.37 4.19406e-05
-1.36 4.27866e-05
-1.35 4.36387e-05
-1.34 4.44963e-05
-1.33 4.53593e-05
-1.32 4.62271e-05
-1.31 4.70993e-05
-1.3 4.79757e-05
-1.29 4.88557e-05
-1.28 4.97389e-05
-1.27 5.06248e-05
-1.26 5.1513e-05
-1.25 5.24031e-05
-1.24 5.32944e-05
-1.23 5.41865e-05
-1.22 5.50789e-05
-1.21 5.59711e-05
-1.2 5.68624e-05
-1.19 5.77524e-05
-1.18 5.86404e-05
-1.17 5.9526e-05
-1.16 6.04083e-05
-1.15 6.1287e-05
-1.14 6.21613e-05
-1.13 6.30306e-05
-1.12 6.38943e-05
-1.11 6.47517e-05
-1.1 6.56021e-05
-1.09 6.6445e-05
-1.08 6.72795e-05
-1.07 6.81051e-05
-1.06 6.8921e-05
-1.05 6.97265e-05
-1.04 7.0521e-05
-1.03 7.13036e-05
-1.02 7.20737e-05
-1.01 7.28306e-05
-1 7.35734e-05
-0.99 7.43016e-05
-0.98 7.50143e-05
-0.97 7.57108e-05
-0.96 7.63904e-05
-0.95 7.70523e-05
-0.94 7.76958e-05
-0.93 7.83201e-05
-0.92 7.89245e-05
-0.91 7.95083e-05
-0.9 8.00708e-05
-0.89 8.06111e-05
-0.88 8.11286e-05
-0.87 8.16226e-05
-0.86 8.20923e-05
-0.85 8.2537e-05
-0.84 8.29561e-05
-0.83 8.33488e-05
-0.82 8.37144e-05
-0.81 8.40524e-05
-0.8 8.4362e-05
-0.79 8.46425e-05
-0.78 8.48934e-05
-0.77 8.51141e-05
-0.76 8.53038e-05
-0.75 8.54621e-05
-0.74 8.55883e-05
-0.73 8.56819e-05
-0.72 8.57424e-05
-0.71 8.57693e-05
-0.7 8.57619e-05
-0.69 8.57199e-05
-0.68 8.56428e-05
-0.67 8.55302e-05
-0.66 8.53816e-05
-0.65 8.51967e-05
-0.64 8.4975e-05
-0.63 8.47163e-05
-0.62 8.44202e-05
-0.61 8.40865e-05
-0.6 8.37148e-05
-0.59 8.33049e-05
-0.58 8.28567e-05
-0.57 8.23699e-05
-0.56 8.18444e-05
-0.55 8.128e-05
-0.54 8.06768e-05
-0.53 8.00345e-05
-0.52 7.93532e-05
-0.51 7.86329e-05
-0.5 7.78736e-05
-0.49 7.70753e-05
-0.48 7.62383e-05
-0.47 7.53625e-05
-0.46 7.44481e-05
-0.45 7.34954e-05
-0.44 7.25046e-05
-0.43 7.14758e-05
-0.42 7.04095e-05
-0.41 6.93059e-05
-0.4 6.81654e-05
-0.39 6.69884e-05
-0.38 6.57752e-05
-0.37 6.45264e-05
-0.36 6.32424e-05
-0.35 6.19237e-05
-0.34 6.0571e-05
-0.33 5.91846e-05
-0.32 5.77654e-05
-0.31 5.63139e-05
-0.3 5.48307e-05
-0.29 5.33166e-05
-0.28 5.17724e-05
-0.27 5.01987e-05
-0.26 4.85963e-05
-0.25 4.69662e-05
-0.24 4.5309e-05
-0.23 4.36256e-05
-0.22 4.19171e-05
-0.21 4.01841e-05
-0.2 3.84278e-05
-0.19 3.66491e-05
-0.18 3.48489e-05
-0.17 3.30282e-05
-0.16 3.11881e-05
-0.15 2.93296e-05
-0.14 2.74538e-05
-0.13 2.55618e-05
-0.12 2.36545e-05
-0.11 2.17332e-05
-0.1 1.9799e-05
-0.09 1.7853e-05
-0.08 1.58963e-05
-0.07 1.39302e-05
-0.06 1.19557e-05
-0.05 9.97404e-06
-0.04 7.98641e-06
-0.03 5.994e-06
-0.02 3.998e-06
-0.01 1.9996e-06
3.26936e-13 -6.55032e-17
0.01 -1.9996e-06
0.02 -3.998e-06
0.03 -5.994e-06
0.04 -7.98641e-06
0.05 -9.97404e-06
0.06 -1.19557e-05
0.07 -1.39302e-05
0.08 -1.58963e-05
0.09 -1.7853e-05
0.1 -1.9799e-05
0.11 -2.17332e-05
0.12 -2.36545e-05
0.13 -2.55618e-05
0.14 -2.74538e-05
0.15 -2.93296e-05
0.16 -3.11881e-05
0.17 -3.30282e-05
0.18 -3.48489e-05
0.19 -3.66491e-05
0.2 -3.84278e-05
0.21 -4.01841e-05
0.22 -4.19171e-05
0.23 -4.36256e-05
0.24 -4.5309e-05
0.25 -4.69662e-05
0.26 -4.85963e-05
0.27 -5.01987e-05
0.28 -5.17724e-05
0.29 -5.33166e-05
0.3 -5.48307e-05
0.31 -5.63139e-05
0.32 -5.77654e-05
0.33 -5.91846e-05
0.34 -6.0571e-05
0.35 -6.19237e-05
0.36 -6.32424e-05
0.37 -6.45264e-05
0.38 -6.57752e-05
0.39 -6.69884e-05
0.4 -6.81654e-05
0.41 -6.93059e-05
0.42 -7.04095e-05
0.43 -7.14758e-05
0.44 -7.25046e-05
0.45 -7.34954e-05
0.46 -7.44481e-05
0.47 -7.53625e-05
0.48 -7.62383e-05
0.49 -7.70753e-05
0.5 -7.78736e-05
0.51 -7.86329e-05
0.52 -7.93532e-05
0.53 -8.00345e-05
0.54 -8.06768e-05
0.55 -8.128e-05
0.56 -8.18444e-05
0.57 -8.23699e-05
0.58 -8.28567e-05
0.59 -8.33049e-05
0.6 -8.37148e-05
0.61 -8.40865e-05
0.62 -8.44202e-05
0.63 -8.47163e-05
0.64 -8.4975e-05
0.65 -8.51967e-05
0.66 -8.53816e-05
0.67 -8.55302e-05
0.68 -8.56428e-05
0.69 -8.57199e-05
0.7 -8.57619e-05
0.71 -8.57693e-05
0.72 -8.57424e-05
0.73 -8.56819e-05
0.74 -8.55883e-05
0.75 -8.54621e-05
0.76 -8.53038e-05
0.77 -8.51141e-05
0.78 -8.48934e-05
0.79 -8.46425e-05
0.8 -8.4362e-05
0.81 -8.40524e-05
0.82 -8.37144e-05
0.83 -8.33488e-05
0.84 -8.29561e-05
0.85 -8.2537e-05
0.86 -8.20923e-05
0.87 -8.16226e-05
0.88 -8.11286e-05
0.89 -8.06111e-05
0.9 -8.00708e-05
0.91 -7.95083e-05
0.92 -7.89245e-05
0.93 -7.83201e-05
0.94 -7.76958e-05
0.95 -7.70523e-05
0.96 -7.63904e-05
0.97 -7.57108e-05
0.98 -7.50143e-05
0.99 -7.43016e-05
1 -7.35734e-05
1.01 -7.28306e-05
1.02 -7.20737e-05
1.03 -7.13036e-05
1.04 -7.0521e-05
1.05 -6.97265e-05
1.06 -6.8921e-05
1.07 -6.81051e-05
1.08 -6.72795e-05
1.09 -6.6445e-05
1.1 -6.56021e-05
1.11 -6.47517e-05
1.12 -6.38943e-05
1.13 -6.30306e-05
1.14 -6.21613e-05
1.15 -6.1287e-05
1.16 -6.04083e-05
1.17 -5.9526e-05
1.18 -5.86404e-05
1.19 -5.77524e-05
1.2 -5.68624e-05
1.21 -5.59711e-05
1.22 -5.50789e-05
1.23 -5.41865e-05
1.24 -5.32944e-05
1.25 -5.24031e-05
1.26 -5.1513e-05
1.27 -5.06248e-05
1.28 -4.97389e-05
1.29 -4.88557e-05
1.3 -4.79757e-05
1.31 -4.70993e-05
1.32 -4.62271e-05
1.33 -4.53593e-05
1.34 -4.44963e-05
1.35 -4.36387e-05
1.36 -4.27866e-05
1.37 -4.19406e-05
1.38 -4.11008e-05
1.39 -4.02677e-05
1.4 -3.94416e-05
1.41 -3.86227e-05
1.42 -3.78113e-05
1.43 -3.70078e-05
1.44 -3.62123e-05
1.45 -3.54251e-05
1.46 -3.46465e-05
1.47 -3.38766e-05
1.48 -3.31156e-05
1.49 -3.23638e-05
1.5 -3.16213e-05
1.51 -3.08883e-05
1.52 -3.0165e-05
1.53 -2.94514e-05
1.54 -2.87477e-05
1.55 -2.8054e-05
1.56 -2.73705e-05
1.57 -2.66972e-05
1.58 -2.60341e-05
1.59 -2.53815e-05
1.6 -2.47393e-05
1.61 -2.41075e-05
1.62 -2.34863e-05
1.63 -2.28757e-05
1.64 -2.22756e-05
1.65 -2.16862e-05
1.66 -2.11073e-05
1.67 -2.0539e-05
1.68 -1.99813e-05
1.69 -1.94342e-05
1.7 -1.88977e-05
1.71 -1.83716e-05
1.72 -1.7856e-05
1.73 -1.73508e-05
1.74 -1.6856e-05
1.75 -1.63714e-05
1.76 -1.58971e-05
1.77 -1.5433e-05
1.78 -1.49789e-05
1.79 -1.45348e-05
1.8 -1.41006e-05
1.81 -1.36763e-05
1.82 -1.32616e-05
1.83 -1.28566e-05
1.84 -1.24611e-05
1.85 -1.20749e-05
1.86 -1.16981e-05
1.87 -1.13304e-05
1.88 -1.09718e-05
1.89 -1.06221e-05
1.9 -1.02811e-05
1.91 -9.94892e-06
1.92 -9.62524e-06
1.93 -9.30997e-06
1.94 -9.00299e-06
1.95 -8.70415e-06
1.96 -8.41333e-06
1.97 -8.1304e-06
1.98 -7.8552e-06
1.99 -7.58761e-06
2 -7.32748e-06
2.01 -7.07467e-06
2.02 -6.82906e-06
2.03 -6.59049e-06
2.04 -6.35883e-06
2.05 -6.13394e-06
2.06 -5.91568e-06
2.07 -5.70391e-06
2.08 -5.49849e-06
2.09 -5.29929e-06
2.1 -5.10617e-06
2.11 -4.91898e-06
2.12 -4.73761e-06
2.13 -4.56191e-06
2.14 -4.39175e-06
2.15 -4.227e-06
2.16 -4.06753e-06
2.17 -3.91321e-06
2.18 -3.76391e-06
2.19 -3.61951e-06
2.2 -3.47988e-06
2.21 -3.3449e-06
2.22 -3.21444e-06
2.23 -3.08839e-06
2.24 -2.96663e-06
2.25 -2.84905e-06
2.26 -2.73552e-06
2.27 -2.62594e-06
2.28 -2.5202e-06
2.29 -2.41819e-06
2.3 -2.3198e-06
2.31 -2.22492e-06
2.32 -2.13346e-06
2.33 -2.04531e-06
2.34 -1.96037e-06
2.35 -1.87855e-06
2.36 -1.79975e-06
2.37 -1.72389e-06
2.38 -1.65086e-06
2.39 -1.58058e-06
2.4 -1.51296e-06
2.41 -1.44792e-06
2.42 -1.38538e-06
2.43 -1.32525e-06
2.44 -1.26746e-06
2.45 -1.21192e-06
2.46 -1.15856e-06
2.47 -1.10732e-06
2.48 -1.05811e-06
2.49 -1.01087e-06
2.5 -9.65533e-07
2.51 -9.22028e-07
2.52 -8.80293e-07
2.53 -8.40266e-07
2.54 -8.01886e-07
2.55 -7.65095e-07
2.56 -7.29834e-07
2.57 -6.96048e-07
2.58 -6.63684e-07
2.59 -6.32688e-07
2.6 -6.03011e-07
2.61 -5.74602e-07
2.62 -5.47414e-07
2.63 -5.214e-07
2.64 -4.96516e-07
2.65 -4.72719e-07
2.66 -4.49965e-07
2.67 -4.28215e-07
2.68 -4.0743e-07
2.69 -3.8757e-07
2.7 -3.68599e-07
2.71 -3.50483e-07
2.72 -3.33185e-07
2.73 -3.16673e-07
2.74 -3.00916e-07
2.75 -2.85882e-07
2.76 -2.7154e-07
2.77 -2.57864e-07
2.78 -2.44824e-07
2.79 -2.32394e-07
2.8 -2.20548e-07
2.81 -2.09261e-07
2.82 -1.9851e-07
2.83 -1.88271e-07
2.84 -1.78522e-07
2.85 -1.69243e-07
2.86 -1.60411e-07
2.87 -1.52008e-07
2.88 -1.44015e-07
2.89 -1.36413e-07
2.9 -1.29185e-07
2.91 -1.22314e-07
2.92 -1.15784e-07
2.93 -1.09579e-07
2.94 -1.03685e-07
2.95 -9.80873e-08
2.96 -9.27721e-08
2.97 -8.77264e-08
2.98 -8.29375e-08
2.99 -7.83936e-08
3 -7.40829e-08
3.01 -6.99945e-08
3.02 -6.61178e-08
3.03 -6.24426e-08
3.04 -5.89592e-08
3.05 -5.56585e-08
3.06 -5.25314e-08
3.07 -4.95696e-08
3.08 -4.6765e-08
3.09 -4.41097e-08
3.1 -4.15965e-08
3.11 -3.92182e-08
3.12 -3.69681e-08
3.13 -3.48397e-08
3.14 -3.2827e-08
3.15 -3.09241e-08
3.16 -2.91254e-08
3.17 -2.74255e-08
3.18 -2.58194e-08
3.19 -2.43023e-08
3.2 -2.28695e-08
3.21 -2.15167e-08
3.22 -2.02397e-08
3.23 -1.90344e-08
3.24 -1.78972e-08
3.25 -1.68244e-08
3.26 -1.58126e-08
3.27 -1.48585e-08
3.28 -1.39591e-08
3.29 -1.31114e-08
3.3 -1.23126e-08
3.31 -1.156e-08
3.32 -1.08512e-08
3.33 -1.01837e-08
3.34 -9.55521e-09
3.35 -8.96368e-09
3.36 -8.40701e-09
3.37 -7.88327e-09
3.38 -7.39061e-09
3.39 -6.92729e-09
3.4 -6.49166e-09
3.41 -6.08216e-09
3.42 -5.6973e-09
3.43 -5.33568e-09
3.44 -4.99598e-09
3.45 -4.67692e-09
3.46 -4.37733e-09
3.47 -4.09608e-09
3.48 -3.8321e-09
3.49 -3.58438e-09
3.5 -3.35198e-09
3.51 -3.134e-09
3.52 -2.92958e-09
3.53 -2.73793e-09
3.54 -2.55828e-09
3.55 -2.38992e-09
3.56 -2.23218e-09
3.57 -2.08441e-09
3.58 -1.94603e-09
3.59 -1.81645e-09
3.6 -1.69515e-09
3.61 -1.58162e-09
3.62 -1.47539e-09
3.63 -1.376e-09
3.64 -1.28305e-09
3.65 -1.19613e-09
3.66 -1.11486e-09
3.67 -1.0389e-09
3.68 -9.67914e-10
3.69 -9.01592e-10
3.7 -8.3964e-10
3.71 -7.81783e-10
3.72 -7.27762e-10
3.73 -6.77333e-10
3.74 -6.30268e-10
3.75 -5.86352e-10
3.76 -5.45383e-10
3.77 -5.07172e-10
3.78 -4.7154e-10
3.79 -4.38321e-10
3.8 -4.07358e-10
3.81 -3.78503e-10
3.82 -3.5162e-10
3.83 -3.26579e-10
3.84 -3.03258e-10
3.85 -2.81544e-10
3.86 -2.61331e-10
3.87 -2.42519e-10
3.88 -2.25015e-10
3.89 -2.08731e-10
3.9 -1.93585e-10
3.91 -1.79502e-10
3.92 -1.66408e-10
3.93 -1.54238e-10
3.94 -1.42928e-10
3.95 -1.32421e-10
3.96 -1.2266e-10
3.97 -1.13596e-10
3.98 -1.05179e-10
3.99 -9.73663e-11
4 -9.01152e-11
4.01 -8.33869e-11
4.02 -7.7145e-11
4.03 -7.13557e-11
4.04 -6.59872e-11
4.05 -6.101e-11
4.06 -5.63966e-11
4.07 -5.21214e-11
4.08 -4.81603e-11
4.09 -4.4491e-11
4.1 -4.10929e-11
4.11 -3.79465e-11
4.12 -3.50338e-11
4.13 -3.2338e-11
4.14 -2.98435e-11
4.15 -2.75357e-11
4.16 -2.54012e-11
4.17 -2.34273e-11
4.18 -2.16024e-11
4.19 -1.99155e-11
4.2 -1.83566e-11
4.21 -1.69162e-11
4.22 -1.55856e-11
4.23 -1.43568e-11
4.24 -1.32221e-11
4.25 -1.21746e-11
4.26 -1.12078e-11
4.27 -1.03156e-11
4.28 -9.4925e-12
4.29 -8.73328e-12
4.3 -8.03314e-12
4.31 -7.38761e-12
4.32 -6.79256e-12
4.33 -6.24415e-12
4.34 -5.73884e-12
4.35 -5.27335e-12
4.36 -4.84461e-12
4.37 -4.44982e-12
4.38 -4.08636e-12
4.39 -3.75182e-12
4.4 -3.44396e-12
4.41 -3.16072e-12
4.42 -2.90017e-12
4.43 -2.66056e-12
4.44 -2.44024e-12
4.45 -2.23771e-12
4.46 -2.05156e-12
4.47 -1.88052e-12
4.48 -1.72338e-12
4.49 -1.57905e-12
4.5 -1.44651e-12
4.51 -1.32483e-12
4.52 -1.21313e-12
4.53 -1.11062e-12
4.54 -1.01656e-12
4.55 -9.30284e-13
4.56 -8.51153e-13
4.57 -7.78593e-13
4.58 -7.12073e-13
4.59 -6.51103e-13
4.6 -5.95231e-13
4.61 -5.44043e-13
4.62 -4.97154e-13
4.63 -4.54214e-13
4.64 -4.14898e-13
4.65 -3.78907e-13
4.66 -3.45968e-13
4.67 -3.15827e-13
4.68 -2.88254e-13
4.69 -2.63034e-13
4.7 -2.39971e-13
4.71 -2.18886e-13
4.72 -1.99612e-13
4.73 -1.81999e-13
4.74 -1.65905e-13
4.75 -1.51204e-13
4.76 -1.37778e-13
4.77 -1.25518e-13
4.78 -1.14325e-13
4.79 -1.04109e-13
4.8 -9.47872e-14
4.81 -8.62821e-14
4.82 -7.85241e-14
4.83 -7.1449e-14
4.84 -6.49982e-14
4.85 -5.91177e-14
4.86 -5.37582e-14
4.87 -4.88746e-14
4.88 -4.44256e-14
4.89 -4.03733e-14
4.9 -3.66832e-14
4.91 -3.33235e-14
4.92 -3.02654e-14
4.93 -2.74823e-14
4.94 -2.495e-14
4.95 -2.26465e-14
4.96 -2.05514e-14
4.97 -1.86463e-14
4.98 -1.69144e-14
4.99 -1.53402e-14
5 -1.39097e-14
5.01 -1.261e-14
5.02 -1.14294e-14
5.03 -1.03573e-14
5.04 -9.38378e-15
5.05 -8.50004e-15
5.06 -7.69797e-15
5.07 -6.97015e-15
5.08 -6.30987e-15
5.09 -5.71096e-15
5.1 -5.16785e-15
5.11 -4.67544e-15
5.12 -4.22908e-15
5.13 -3.82456e-15
5.14 -3.45802e-15
5.15 -3.12598e-15
5.16 -2.82524e-15
5.17 -2.55292e-15
5.18 -2.30637e-15
5.19 -2.08321e-15
5.2 -1.88126e-15
5.21 -1.69855e-15
5.22 -1.53326e-15
5.23 -1.38378e-15
5.24 -1.24861e-15
5.25 -1.12642e-15
5.26 -1.01598e-15
5.27 -9.16186e-16
5.28 -8.26023e-16
5.29 -7.44581e-16
5.3 -6.71032e-16
5.31 -6.04626e-16
5.32 -5.4468e-16
5.33 -4.90577e-16
5.34 -4.41759e-16
5.35 -3.97718e-16
5.36 -3.57994e-16
5.37 -3.22173e-16
5.38 -2.89877e-16
5.39 -2.60765e-16
5.4 -2.34529e-16
5.41 -2.1089e-16
5.42 -1.89595e-16
5.43 -1.70416e-16
5.44 -1.53146e-16
5.45 -1.37598e-16
5.46 -1.23603e-16
5.47 -1.11009e-16
5.48 -9.9678e-17
5.49 -8.94854e-17
5.5 -8.03187e-17
5.51 -7.20764e-17
5.52 -6.46667e-17
5.53 -5.8007e-17
5.54 -5.20226e-17
5.55 -4.66461e-17
5.56 -4.18167e-17
5.57 -3.74798e-17
5.58 -3.35858e-17
5.59 -3.00902e-17
5.6 -2.6953e-17
5.61 -2.4138e-17
5.62 -2.16126e-17
5.63 -1.93474e-17
5.64 -1.73162e-17
5.65 -1.54951e-17
5.66 -1.38626e-17
5.67 -1.23997e-17
5.68 -1.10888e-17
5.69 -9.91458e-18
5.7 -8.86286e-18
5.71 -7.9211e-18
5.72 -7.07797e-18
5.73 -6.3233e-18
5.74 -5.64795e-18
5.75 -5.04371e-18
5.76 -4.50319e-18
5.77 -4.01979e-18
5.78 -3.58755e-18
5.79 -3.20113e-18
5.8 -2.85576e-18
5.81 -2.54713e-18
5.82 -2.2714e-18
5.83 -2.0251e-18
5.84 -1.80515e-18
5.85 -1.60876e-18
5.86 -1.43344e-18
5.87 -1.27697e-18
5.88 -1.13735e-18
5.89 -1.01279e-18
5.9 -9.01685e-19
5.91 -8.02609e-19
5.92 -7.14273e-19
5.93 -6.35531e-19
5.94 -5.65355e-19
5.95 -5.02826e-19
5.96 -4.47122e-19
5.97 -3.97508e-19
5.98 -3.53328e-19
5.99 -3.13995e-19
6 -2.78983e-19
6.01 -2.47826e-19
6.02 -2.20103e-19
6.03 -1.95442e-19
6.04 -1.73509e-19
6.05 -1.54006e-19
6.06 -1.36667e-19
6.07 -1.21256e-19
6.08 -1.07561e-19
6.09 -9.53938e-20
6.1 -8.45854e-20
6.11 -7.49865e-20
6.12 -6.64634e-20
6.13 -5.88971e-20
6.14 -5.21816e-20
6.15 -4.62225e-20
6.16 -4.09356e-20
6.17 -3.6246e-20
6.18 -3.20872e-20
6.19 -2.83998e-20
6.2 -2.51311e-20
6.21 -2.2234e-20
6.22 -1.9667e-20
6.23 -1.73928e-20
6.24 -1.53785e-20
6.25 -1.35947e-20
6.26 -1.20154e-20
6.27 -1.06174e-20
6.28 -9.38011e-21
6.29 -8.28537e-21
6.3 -7.31691e-21
6.31 -6.46034e-21
6.32 -5.7029e-21
6.33 -5.03324e-21
6.34 -4.44132e-21
6.35 -3.91821e-21
6.36 -3.45602e-21
6.37 -3.04773e-21
6.38 -2.68713e-21
6.39 -2.36872e-21
6.4 -2.08761e-21
6.41 -1.83949e-21
6.42 -1.62054e-21
6.43 -1.42736e-21
6.44 -1.25695e-21
6.45 -1.10666e-21
6.46 -9.74144e-22
6.47 -8.57323e-22
6.48 -7.54358e-22
6.49 -6.63626e-22
6.5 -5.83688e-22
6.51 -5.13275e-22
6.52 -4.51265e-22
6.53 -3.96667e-22
6.54 -3.48604e-22
6.55 -3.06302e-22
6.56 -2.6908e-22
6.57 -2.36332e-22
6.58 -2.07528e-22
6.59 -1.82198e-22
6.6 -1.59928e-22
6.61 -1.40351e-22
6.62 -1.23145e-22
6.63 -1.08027e-22
6.64 -9.47459e-23
6.65 -8.30807e-23
6.66 -7.2837e-23
6.67 -6.38434e-23
6.68 -5.5949e-23
6.69 -4.90208e-23
6.7 -4.29419e-23
6.71 -3.76092e-23
6.72 -3.2932e-23
6.73 -2.88307e-23
6.74 -2.52351e-23
6.75 -2.20834e-23
6.76 -1.93215e-23
6.77 -1.69015e-23
6.78 -1.47817e-23
6.79 -1.29251e-23
6.8 -1.12994e-23
6.81 -9.87623e-24
6.82 -8.63054e-24
6.83 -7.54045e-24
6.84 -6.58671e-24
6.85 -5.75244e-24
6.86 -5.02282e-24
6.87 -4.38486e-24
6.88 -3.82715e-24
6.89 -3.33971e-24
6.9 -2.91375e-24
6.91 -2.54162e-24
6.92 -2.21656e-24
6.93 -1.93268e-24
6.94 -1.68482e-24
6.95 -1.46845e-24
6.96 -1.27961e-24
6.97 -1.11483e-24
6.98 -9.71071e-25
6.99 -8.45679e-25
7 -7.3633e-25
7.01 -6.40991e-25
7.02 -5.57884e-25
7.03 -4.85454e-25
7.04 -4.22342e-25
7.05 -3.6736e-25
7.06 -3.19472e-25
7.07 -2.7777e-25
7.08 -2.41463e-25
7.09 -2.0986e-25
7.1 -1.82355e-25
7.11 -1.58424e-25
7.12 -1.37605e-25
7.13 -1.19498e-25
7.14 -1.03753e-25
7.15 -9.00642e-26
7.16 -7.81656e-26
7.17 -6.78253e-26
7.18 -5.8841e-26
7.19 -5.10364e-26
7.2 -4.42581e-26
7.21 -3.83723e-26
7.22 -3.32625e-26
7.23 -2.88274e-26
7.24 -2.49786e-26
7.25 -2.16392e-26
7.26 -1.87425e-26
7.27 -1.62303e-26
7.28 -1.4052e-26
7.29 -1.21636e-26
7.3 -1.05268e-26
7.31 -9.10849e-27
7.32 -7.87966e-27
7.33 -6.81523e-27
7.34 -5.8934e-27
7.35 -5.09522e-27
7.36 -4.40426e-27
7.37 -3.80624e-27
7.38 -3.28875e-27
7.39 -2.84104e-27
7.4 -2.45379e-27
7.41 -2.11889e-27
7.42 -1.82933e-27
7.43 -1.57903e-27
7.44 -1.36269e-27
7.45 -1.17576e-27
7.46 -1.01427e-27
7.47 -8.7478e-28
7.48 -7.54322e-28
7.49 -6.50321e-28
7.5 -5.60545e-28
7.51 -4.83065e-28
7.52 -4.16211e-28
7.53 -3.58537e-28
7.54 -3.08792e-28
7.55 -2.65896e-28
7.56 -2.28912e-28
7.57 -1.97033e-28
7.58 -1.69559e-28
7.59 -1.45886e-28
7.6 -1.25494e-28
7.61 -1.0793e-28
7.62 -9.28053e-29
7.63 -7.97842e-29
7.64 -6.85762e-29
7.65 -5.89308e-29
7.66 -5.06318e-29
7.67 -4.34928e-29
7.68 -3.73528e-29
7.69 -3.20732e-29
7.7 -2.75342e-29
7.71 -2.36328e-29
7.72 -2.02802e-29
7.73 -1.73996e-29
7.74 -1.49252e-29
7.75 -1.28001e-29
7.76 -1.09754e-29
7.77 -9.40886e-30
7.78 -8.06431e-30
7.79 -6.91051e-30
7.8 -5.92059e-30
7.81 -5.07145e-30
7.82 -4.34323e-30
7.83 -3.71882e-30
7.84 -3.18354e-30
7.85 -2.72475e-30
7.86 -2.33162e-30
7.87 -1.9948e-30
7.88 -1.70629e-30
7.89 -1.45922e-30
7.9 -1.24767e-30
7.91 -1.06658e-30
7.92 -9.11585e-31
7.93 -7.78958e-31
7.94 -6.65493e-31
7.95 -5.68441e-31
7.96 -4.85444e-31
7.97 -4.14482e-31
7.98 -3.53822e-31
7.99 -3.01979e-31
8 -2.5768e-31
8.01 -2.19835e-31
8.02 -1.87511e-31
8.03 -1.59907e-31
8.04 -1.3634e-31
8.05 -1.16222e-31
8.06 -9.90531e-32
8.07 -8.44033e-32
8.08 -7.19057e-32
8.09 -6.12463e-32
8.1 -5.21565e-32
8.11 -4.44068e-32
8.12 -3.7801e-32
8.13 -3.21714e-32
8.14 -2.73747e-32
8.15 -2.32884e-32
8.16 -1.98082e-32
8.17 -1.68446e-32
8.18 -1.43215e-32
8.19 -1.21739e-32
8.2 -1.03463e-32
8.21 -8.79125e-33
8.22 -7.46844e-33
8.23 -6.34338e-33
8.24 -5.38673e-33
8.25 -4.57342e-33
8.26 -3.88213e-33
8.27 -3.29467e-33
8.28 -2.79554e-33
8.29 -2.37155e-33
8.3 -2.01146e-33
8.31 -1.7057e-33
8.32 -1.44613e-33
8.33 -1.22581e-33
8.34 -1.03885e-33
8.35 -8.80223e-34
8.36 -7.4567e-34
8.37 -6.31558e-34
8.38 -5.34801e-34
8.39 -4.52777e-34
8.4 -3.83255e-34
8.41 -3.24343e-34
8.42 -2.74432e-34
8.43 -2.32154e-34
8.44 -1.9635e-34
8.45 -1.66034e-34
8.46 -1.40371e-34
8.47 -1.1865e-34
8.48 -1.0027e-34
8.49 -8.47207e-35
8.5 -7.1568e-35
8.51 -6.04451e-35
8.52 -5.10406e-35
8.53 -4.30906e-35
8.54 -3.63716e-35
8.55 -3.06941e-35
8.56 -2.58976e-35
8.57 -2.18463e-35
8.58 -1.8425e-35
8.59 -1.55364e-35
8.6 -1.3098e-35
8.61 -1.10401e-35
8.62 -9.30362e-36
8.63 -7.83871e-36
8.64 -6.60313e-36
8.65 -5.56119e-36
8.66 -4.68272e-36
8.67 -3.94222e-36
8.68 -3.31816e-36
8.69 -2.79232e-36
8.7 -2.34934e-36
8.71 -1.97624e-36
8.72 -1.66205e-36
8.73 -1.39754e-36
8.74 -1.17488e-36
8.75 -9.87502e-37
8.76 -8.29839e-37
8.77 -6.97209e-37
8.78 -5.85658e-37
8.79 -4.91856e-37
8.8 -4.12995e-37
8.81 -3.46708e-37
8.82 -2.91001e-37
8.83 -2.44196e-37
8.84 -2.04878e-37
8.85 -1.71856e-37
8.86 -1.44128e-37
8.87 -1.20849e-37
8.88 -1.01309e-37
8.89 -8.4912e-38
8.9 -7.11544e-38
8.91 -5.96138e-38
8.92 -4.99349e-38
8.93 -4.18191e-38
8.94 -3.50152e-38
8.95 -2.93125e-38
8.96 -2.45336e-38
8.97 -2.05296e-38
8.98 -1.71757e-38
8.99 -1.43668e-38
9 -1.20149e-38
9.01 -1.00459e-38
9.02 -8.39795e-39
9.03 -7.01891e-39
9.04 -5.86514e-39
9.05 -4.90005e-39
9.06 -4.09293e-39
9.07 -3.41807e-39
9.08 -2.85391e-39
9.09 -2.38239e-39
9.1 -1.98837e-39
9.11 -1.65918e-39
9.12 -1.38422e-39
9.13 -1.15459e-39
9.14 -9.62856e-40
9.15 -8.02803e-40
9.16 -6.69221e-40
9.17 -5.57754e-40
9.18 -4.64759e-40
9.19 -3.87192e-40
9.2 -3.22506e-40
9.21 -2.68572e-40
9.22 -2.23613e-40
9.23 -1.86143e-40
9.24 -1.5492e-40
9.25 -1.28908e-40
9.26 -1.07243e-40
9.27 -8.92005e-41
9.28 -7.41787e-41
9.29 -6.16742e-41
9.3 -5.12674e-41
9.31 -4.2608e-41
9.32 -3.54041e-41
9.33 -2.94123e-41
9.34 -2.44296e-41
9.35 -2.0287e-41
9.36 -1.68434e-41
9.37 -1.39816e-41
9.38 -1.16036e-41
9.39 -9.62821e-42
9.4 -7.98747e-42
9.41 -6.625e-42
9.42 -5.49382e-42
9.43 -4.55488e-42
9.44 -3.77564e-42
9.45 -3.12909e-42
9.46 -2.59273e-42
9.47 -2.14788e-42
9.48 -1.779e-42
9.49 -1.47317e-42
9.5 -1.21967e-42
9.51 -1.00959e-42
9.52 -8.35529e-43
9.53 -6.91337e-43
9.54 -5.71915e-43
9.55 -4.73026e-43
9.56 -3.91157e-43
9.57 -3.23393e-43
9.58 -2.67314e-43
9.59 -2.20916e-43
9.6 -1.82534e-43
9.61 -1.5079e-43
9.62 -1.24542e-43
9.63 -1.02842e-43
9.64 -8.4906e-44
9.65 -7.0084e-44
9.66 -5.78378e-44
9.67 -4.77219e-44
9.68 -3.93674e-44
9.69 -3.24689e-44
9.7 -2.67739e-44
9.71 -2.20733e-44
9.72 -1.81944e-44
9.73 -1.49941e-44
9.74 -1.23542e-44
9.75 -1.0177e-44
9.76 -8.38187e-45
9.77 -6.90198e-45
9.78 -5.68223e-45
9.79 -4.6771e-45
9.8 -3.849e-45
9.81 -3.16688e-45
9.82 -2.60512e-45
9.83 -2.14258e-45
9.84 -1.7618e-45
9.85 -1.44841e-45
9.86 -1.19053e-45
9.87 -9.78359e-46
9.88 -8.03842e-46
9.89 -6.60322e-46
9.9 -5.42317e-46
9.91 -4.45312e-46
9.92 -3.65584e-46
9.93 -3.0007e-46
9.94 -2.46247e-46
9.95 -2.02038e-46
9.96 -1.65732e-46
9.97 -1.35923e-46
9.98 -1.11453e-46
9.99 -9.13703e-47
10 -7.4891e-47
10.01 -6.13716e-47
10.02 -5.02826e-47
10.03 -4.11889e-47
10.04 -3.37331e-47
10.05 -2.76213e-47
10.06 -2.26124e-47
10.07 -1.8508e-47
10.08 -1.51456e-47
10.09 -1.23915e-47
10.1 -1.01363e-47
10.11 -8.28976e-48
10.12 -6.77828e-48
10.13 -5.54127e-48
10.14 -4.52911e-48
10.15 -3.70108e-48
10.16 -3.02382e-48
10.17 -2.47e-48
10.18 -2.01721e-48
10.19 -1.64709e-48
10.2 -1.34461e-48
10.21 -1.09746e-48
10.22 -8.95558e-49
10.23 -7.30653e-49
10.24 -5.95993e-49
10.25 -4.86053e-49
10.26 -3.96314e-49
10.27 -3.23078e-49
10.28 -2.63323e-49
10.29 -2.14577e-49
10.3 -1.74819e-49
10.31 -1.424e-49
10.32 -1.15969e-49
10.33 -9.44247e-50
10.34 -7.68676e-50
10.35 -6.25624e-50
10.36 -5.09092e-50
10.37 -4.14183e-50
10.38 -3.369e-50
10.39 -2.73982e-50
10.4 -2.2277e-50
10.41 -1.81093e-50
10.42 -1.47184e-50
10.43 -1.19601e-50
10.44 -9.71671e-51
10.45 -7.89254e-51
10.46 -6.40955e-51
10.47 -5.20416e-51
10.48 -4.22461e-51
10.49 -3.42874e-51
10.5 -2.78225e-51
10.51 -2.2572e-51
10.52 -1.83087e-51
10.53 -1.48476e-51
10.54 -1.20384e-51
10.55 -9.75877e-52
10.56 -7.90921e-52
10.57 -6.40891e-52
10.58 -5.19215e-52
10.59 -4.20556e-52
10.6 -3.40575e-52
10.61 -2.75749e-52
10.62 -2.23218e-52
10.63 -1.80658e-52
10.64 -1.46183e-52
10.65 -1.18263e-52
10.66 -9.56566e-53
10.67 -7.73559e-53
10.68 -6.25438e-53
10.69 -5.05578e-53
10.7 -4.08606e-53
10.71 -3.30167e-53
10.72 -2.66733e-53
10.73 -2.15443e-53
10.74 -1.7398e-53
10.75 -1.40469e-53
10.76 -1.1339e-53
10.77 -9.15122e-54
10.78 -7.3841e-54
10.79 -5.95703e-54
10.8 -4.80478e-54
10.81 -3.87464e-54
10.82 -3.12393e-54
10.83 -2.51816e-54
10.84 -2.02945e-54
10.85 -1.63526e-54
10.86 -1.31737e-54
10.87 -1.06107e-54
10.88 -8.54454e-55
10.89 -6.87936e-55
10.9 -5.53758e-55
10.91 -4.45661e-55
10.92 -3.58594e-55
10.93 -2.88478e-55
10.94 -2.32026e-55
10.95 -1.86583e-55
10.96 -1.5001e-55
10.97 -1.20582e-55
10.98 -9.69075e-56
10.99 -7.78654e-56
11 -6.25525e-56
11.01 -5.02409e-56
11.02 -4.03444e-56
11.03 -3.23908e-56
11.04 -2.59999e-56
11.05 -2.08659e-56
11.06 -1.67422e-56
11.07 -1.34308e-56
11.08 -1.07722e-56
11.09 -8.63814e-57
11.1 -6.92545e-57
11.11 -5.55122e-57
11.12 -4.44879e-57
11.13 -3.56458e-57
11.14 -2.85553e-57
11.15 -2.28707e-57
11.16 -1.8314e-57
11.17 -1.46623e-57
11.18 -1.17363e-57
11.19 -9.39236e-58
11.2 -7.51503e-58
11.21 -6.01173e-58
11.22 -4.80818e-58
11.23 -3.84481e-58
11.24 -3.07385e-58
11.25 -2.45698e-58
11.26 -1.96352e-58
11.27 -1.56885e-58
11.28 -1.25325e-58
11.29 -1.00094e-58
11.3 -7.9927e-59
11.31 -6.38102e-59
11.32 -5.0933e-59
11.33 -4.06464e-59
11.34 -3.24308e-59
11.35 -2.58705e-59
11.36 -2.06332e-59
11.37 -1.64528e-59
11.38 -1.31167e-59
11.39 -1.0455e-59
11.4 -8.33176e-60
11.41 -6.63837e-60
11.42 -5.28809e-60
11.43 -4.21162e-60
11.44 -3.35361e-60
11.45 -2.66986e-60
11.46 -2.12509e-60
11.47 -1.69114e-60
11.48 -1.34553e-60
11.49 -1.07034e-60
11.5 -8.51259e-61
11.51 -6.76884e-61
11.52 -5.38121e-61
11.53 -4.27719e-61
11.54 -3.39899e-61
11.55 -2.70056e-61
11.56 -2.14522e-61
11.57 -1.70373e-61
11.58 -1.35283e-61
11.59 -1.07399e-61
11.6 -8.52448e-62
11.61 -6.76471e-62
11.62 -5.36714e-62
11.63 -4.25745e-62
11.64 -3.37652e-62
11.65 -2.67733e-62
11.66 -2.1225e-62
11.67 -1.68231e-62
11.68 -1.33314e-62
11.69 -1.05623e-62
11.7 -8.36675e-63
11.71 -6.62623e-63
11.72 -5.24673e-63
11.73 -4.15359e-63
11.74 -3.28755e-63
11.75 -2.60155e-63
11.76 -2.05829e-63
11.77 -1.62814e-63
11.78 -1.28763e-63
11.79 -1.01813e-63
11.8 -8.04876e-64
11.81 -6.3616e-64
11.82 -5.0271e-64
11.83 -3.97174e-64
11.84 -3.13731e-64
11.85 -2.47769e-64
11.86 -1.95636e-64
11.87 -1.54441e-64
11.88 -1.21896e-64
11.89 -9.61902e-65
11.9 -7.58899e-65
11.91 -5.98619e-65
11.92 -4.72095e-65
11.93 -3.72238e-65
11.94 -2.93444e-65
11.95 -2.31283e-65
11.96 -1.82253e-65
11.97 -1.43588e-65
11.98 -1.13103e-65
11.99 -8.90721e-66
12 -7.01332e-66
12.01 -5.52101e-66
12.02 -4.34536e-66
12.03 -3.41937e-66
12.04 -2.69017e-66
12.05 -2.11605e-66
12.06 -1.66412e-66
12.07 -1.30845e-66
12.08 -1.02858e-66
12.09 -8.08421e-67
12.1 -6.35254e-67
12.11 -4.99081e-67
12.12 -3.92019e-67
12.13 -3.07861e-67
12.14 -2.41722e-67
12.15 -1.89754e-67
12.16 -1.48929e-67
12.17 -1.16864e-67
12.18 -9.16837e-68
12.19 -7.19147e-68
12.2 -5.63971e-68
12.21 -4.42189e-68
12.22 -3.46635e-68
12.23 -2.71675e-68
12.24 -2.12883e-68
12.25 -1.6678e-68
12.26 -1.30635e-68
12.27 -1.02303e-68
12.28 -8.00994e-69
12.29 -6.27023e-69
12.3 -4.90739e-69
12.31 -3.84e-69
12.32 -3.00417e-69
12.33 -2.3498e-69
12.34 -1.83759e-69
12.35 -1.43675e-69
12.36 -1.12312e-69
12.37 -8.77773e-70
12.38 -6.85887e-70
12.39 -5.3584e-70
12.4 -4.18535e-70
12.41 -3.26844e-70
12.42 -2.55189e-70
12.43 -1.99203e-70
12.44 -1.55469e-70
12.45 -1.21312e-70
12.46 -9.46405e-71
12.47 -7.38181e-71
12.48 -5.75655e-71
12.49 -4.48822e-71
12.5 -3.49863e-71
12.51 -2.72669e-71
12.52 -2.12464e-71
12.53 -1.6552e-71
12.54 -1.28921e-71
12.55 -1.00396e-71
12.56 -7.81657e-72
12.57 -6.08458e-72
12.58 -4.73542e-72
12.59 -3.68467e-72
12.6 -2.8665e-72
12.61 -2.22956e-72
12.62 -1.73379e-72
12.63 -1.348e-72
12.64 -1.04784e-72
12.65 -8.14351e-73
12.66 -6.32765e-73
12.67 -4.9157e-73
12.68 -3.81805e-73
12.69 -2.96491e-73
12.7 -2.30194e-73
12.71 -1.78685e-73
12.72 -1.38674e-73
12.73 -1.07601e-73
12.74 -8.34738e-74
12.75 -6.47436e-74
12.76 -5.0206e-74
12.77 -3.8925e-74
12.78 -3.01726e-74
12.79 -2.33836e-74
12.8 -1.81185e-74
12.81 -1.40361e-74
12.82 -1.08713e-74
12.83 -8.41844e-75
12.84 -6.5177e-75
12.85 -5.0451e-75
12.86 -3.90443e-75
12.87 -3.02105e-75
12.88 -2.33707e-75
12.89 -1.80759e-75
12.9 -1.39778e-75
12.91 -1.08067e-75
12.92 -8.35328e-76
12.93 -6.45558e-76
12.94 -4.988e-76
12.95 -3.85328e-76
12.96 -2.9761e-76
12.97 -2.29815e-76
12.98 -1.77427e-76
12.99 -1.36954e-76
13 -1.05693e-76
13.01 -8.15504e-77
13.02 -6.29101e-77
13.03 -4.85208e-77
13.04 -3.74152e-77
13.05 -2.88457e-77
13.06 -2.22345e-77
13.07 -1.71351e-77
13.08 -1.32025e-77
13.09 -1.01705e-77
13.1 -7.8332e-78
13.11 -6.03184e-78
13.12 -4.64379e-78
13.13 -3.57445e-78
13.14 -2.75079e-78
13.15 -2.11651e-78
13.16 -1.62815e-78
13.17 -1.25223e-78
13.18 -9.62904e-79
13.19 -7.40281e-79
13.2 -5.69014e-79
13.21 -4.37283e-79
13.22 -3.35981e-79
13.23 -2.58095e-79
13.24 -1.98225e-79
13.25 -1.52212e-79
13.26 -1.16856e-79
13.27 -8.96952e-80
13.28 -6.88333e-80
13.29 -5.28131e-80
13.3 -4.05132e-80
13.31 -3.10717e-80
13.32 -2.38257e-80
13.33 -1.82659e-80
13.34 -1.40006e-80
13.35 -1.07292e-80
13.36 -8.22054e-81
13.37 -6.29718e-81
13.38 -4.82286e-81
13.39 -3.69297e-81
13.4 -2.82723e-81
13.41 -2.164e-81
13.42 -1.65603e-81
13.43 -1.26704e-81
13.44 -9.69231e-82
13.45 -7.4127e-82
13.46 -5.66811e-82
13.47 -4.33324e-82
13.48 -3.31208e-82
13.49 -2.53105e-82
13.5 -1.93381e-82
13.51 -1.47721e-82
13.52 -1.12819e-82
13.53 -8.61456e-83
13.54 -6.57655e-83
13.55 -5.01968e-83
13.56 -3.8306e-83
13.57 -2.92261e-83
13.58 -2.2294e-83
13.59 -1.70027e-83
13.6 -1.29646e-83
13.61 -9.88361e-84
13.62 -7.53328e-84
13.63 -5.74071e-84
13.64 -4.37381e-84
13.65 -3.33171e-84
13.66 -2.53739e-84
13.67 -1.93206e-84
13.68 -1.47084e-84
13.69 -1.1195e-84
13.7 -8.51915e-85
13.71 -6.48158e-85
13.72 -4.93036e-85
13.73 -3.74964e-85
13.74 -2.8511e-85
13.75 -2.16745e-85
13.76 -1.6474e-85
13.77 -1.25187e-85
13.78 -9.5112e-86
13.79 -7.22476e-86
13.8 -5.48687e-86
13.81 -4.16618e-86
13.82 -3.16275e-86
13.83 -2.40052e-86
13.84 -1.82162e-86
13.85 -1.38205e-86
13.86 -1.04834e-86
13.87 -7.95047e-87
13.88 -6.02833e-87
13.89 -4.56998e-87
13.9 -3.46373e-87
13.91 -2.62475e-87
13.92 -1.98858e-87
13.93 -1.5063e-87
13.94 -1.14076e-87
13.95 -8.63751e-88
13.96 -6.53877e-88
13.97 -4.94899e-88
13.98 -3.74499e-88
13.99 -2.83333e-88
14 -2.14317e-88
14.01 -1.6208e-88
14.02 -1.2255e-88
14.03 -9.26428e-89
14.04 -7.00201e-89
14.05 -5.29111e-89
14.06 -3.99746e-89
14.07 -3.01949e-89
14.08 -2.28032e-89
14.09 -1.72176e-89
14.1 -1.29975e-89
14.11 -9.80985e-90
14.12 -7.40247e-90
14.13 -5.58476e-90
14.14 -4.21254e-90
14.15 -3.17686e-90
14.16 -2.39532e-90
14.17 -1.80569e-90
14.18 -1.36093e-90
14.19 -1.02551e-90
14.2 -7.72606e-91
14.21 -5.81954e-91
14.22 -4.38261e-91
14.23 -3.29981e-91
14.24 -2.48404e-91
14.25 -1.86957e-91
14.26 -1.40682e-91
14.27 -1.05839e-91
14.28 -7.96099e-92
14.29 -5.98689e-92
14.3 -4.50141e-92
14.31 -3.38383e-92
14.32 -2.54321e-92
14.33 -1.91103e-92
14.34 -1.43571e-92
14.35 -1.0784e-92
14.36 -8.09848e-93
14.37 -6.08053e-93
14.38 -4.56449e-93
14.39 -3.42575e-93
14.4 -2.57059e-93
14.41 -1.92851e-93
14.42 -1.44652e-93
14.43 -1.08478e-93
14.44 -8.13333e-94
14.45 -6.09691e-94
14.46 -4.56945e-94
14.47 -3.42398e-94
14.48 -2.56514e-94
14.49 -1.92134e-94
14.5 -1.43883e-94
14.51 -1.07728e-94
14.52 -8.06419e-95
14.53 -6.0354e-95
14.54 -4.5161e-95
14.55 -3.37858e-95
14.56 -2.52707e-95
14.57 -1.88979e-95
14.58 -1.41294e-95
14.59 -1.0562e-95
14.6 -7.89372e-96
14.61 -5.89835e-96
14.62 -4.40648e-96
14.63 -3.29129e-96
14.64 -2.45784e-96
14.65 -1.83507e-96
14.66 -1.36983e-96
14.67 -1.02233e-96
14.68 -7.62836e-97
14.69 -5.69093e-97
14.7 -4.24471e-97
14.71 -3.16538e-97
14.72 -2.36002e-97
14.73 -1.75922e-97
14.74 -1.3111e-97
14.75 -9.76936e-98
14.76 -7.27795e-98
14.77 -5.42081e-98
14.78 -4.03676e-98
14.79 -3.00548e-98
14.8 -2.23722e-98
14.81 -1.66501e-98
14.82 -1.2389e-98
14.83 -9.21656e-99
14.84 -6.85512e-99
14.85 -5.0977e-99
14.86 -3.79006e-99
14.87 -2.81729e-99
14.88 -2.09377e-99
14.89 -1.55575e-99
14.9 -1.15575e-99
14.91 -8.58422e-100
14.92 -6.37456e-100
14.93 -4.73274e-100
14.94 -3.51308e-100
14.95 -2.60722e-100
14.96 -1.93454e-100
14.97 -1.43514e-100
14.98 -1.06444e-100
14.99 -7.89334e-101
15 -5.85214e-101
15.01 -4.33791e-101
15.02 -3.21484e-101
15.03 -2.38206e-101
15.04 -1.76464e-101
15.05 -1.307e-101
15.06 -9.67846e-102
15.07 -7.16557e-102
15.08 -5.30405e-102
15.09 -3.92534e-102
15.1 -2.90443e-102
15.11 -2.1486e-102
15.12 -1.58915e-102
15.13 -1.17513e-102
15.14 -8.68803e-103
15.15 -6.42198e-103
15.16 -4.74602e-103
15.17 -3.50674e-103
15.18 -2.59054e-103
15.19 -1.91333e-103
15.2 -1.41287e-103
15.21 -1.0431e-103
15.22 -7.69956e-104
15.23 -5.68221e-104
15.24 -4.19258e-104
15.25 -3.09285e-104
15.26 -2.28112e-104
15.27 -1.6821e-104
15.28 -1.24013e-104
15.29 -9.14107e-105
15.3 -6.73658e-105
15.31 -4.96357e-105
15.32 -3.65647e-105
15.33 -2.69304e-105
15.34 -1.98307e-105
15.35 -1.45997e-105
15.36 -1.07464e-105
15.37 -7.90855e-106
15.38 -5.81892e-106
15.39 -4.28057e-106
15.4 -3.14828e-106
15.41 -2.31503e-106
15.42 -1.70198e-106
15.43 -1.25102e-106
15.44 -9.19368e-107
15.45 -6.75501e-107
15.46 -4.96221e-107
15.47 -3.6445e-107
15.48 -2.67617e-107
15.49 -1.96472e-107
15.5 -1.44212e-107
15.51 -1.05832e-107
15.52 -7.76505e-108
15.53 -5.69619e-108
15.54 -4.17771e-108
15.55 -3.0634e-108
15.56 -2.24586e-108
15.57 -1.64617e-108
15.58 -1.20637e-108
15.59 -8.8389e-109
15.6 -6.47484e-109
15.61 -4.74213e-109
15.62 -3.4724e-109
15.63 -2.54214e-109
15.64 -1.86073e-109
15.65 -1.36169e-109
15.66 -9.96294e-110
15.67 -7.28802e-110
15.68 -5.33021e-110
15.69 -3.89755e-110
15.7 -2.8494e-110
15.71 -2.0827e-110
15.72 -1.52199e-110
15.73 -1.11202e-110
15.74 -8.12316e-111
15.75 -5.93268e-111
15.76 -4.33201e-111
15.77 -3.16257e-111
15.78 -2.30837e-111
15.79 -1.68455e-111
15.8 -1.22906e-111
15.81 -8.96554e-112
15.82 -6.53872e-112
15.83 -4.76785e-112
15.84 -3.47588e-112
15.85 -2.53349e-112
15.86 -1.84624e-112
15.87 -1.34515e-112
15.88 -9.79859e-113
15.89 -7.13626e-113
15.9 -5.19626e-113
15.91 -3.78289e-113
15.92 -2.7534e-113
15.93 -2.00368e-113
15.94 -1.45781e-113
15.95 -1.06044e-113
15.96 -7.71231e-114
15.97 -5.60783e-114
15.98 -4.0768e-114
15.99 -2.96317e-114
16 -2.15331e-114
16.01 -1.56448e-114
16.02 -1.13644e-114
16.03 -8.25341e-115
16.04 -5.99288e-115
16.05 -4.35061e-115
16.06 -3.15775e-115
16.07 -2.29149e-115
16.08 -1.66254e-115
16.09 -1.20598e-115
16.1 -8.74619e-116
16.11 -6.34179e-116
16.12 -4.59745e-116
16.13 -3.33224e-116
16.14 -2.41472e-116
16.15 -1.74949e-116
16.16 -1.26727e-116
16.17 -9.17783e-117
16.18 -6.64544e-117
16.19 -4.81083e-117
16.2 -3.48201e-117
16.21 -2.51972e-117
16.22 -1.823e-117
16.23 -1.31867e-117
16.24 -9.53669e-118
16.25 -6.8956e-118
16.26 -4.98493e-118
16.27 -3.60296e-118
16.28 -2.60359e-118
16.29 -1.88105e-118
16.3 -1.35875e-118
16.31 -9.81276e-119
16.32 -7.08527e-119
16.33 -5.11487e-119
16.34 -3.6917e-119
16.35 -2.66397e-119
16.36 -1.92197e-119
16.37 -1.38636e-119
16.38 -9.99817e-120
16.39 -7.20903e-120
16.4 -5.19692e-120
16.41 -3.74566e-120
16.42 -2.69913e-120
16.43 -1.94461e-120
16.44 -1.40072e-120
16.45 -1.00876e-120
16.46 -7.26329e-121
16.47 -5.2287e-121
16.48 -3.76328e-121
16.49 -2.70803e-121
16.5 -1.94828e-121
16.51 -1.40141e-121
16.52 -1.00783e-121
16.53 -7.24648e-122
16.54 -5.20928e-122
16.55 -3.74405e-122
16.56 -2.69041e-122
16.57 -1.9329e-122
16.58 -1.38839e-122
16.59 -9.97074e-123
16.6 -7.15907e-123
16.61 -5.13923e-123
16.62 -3.68853e-123
16.63 -2.6468e-123
16.64 -1.8989e-123
16.65 -1.36206e-123
16.66 -9.76793e-124
16.67 -7.00362e-124
16.68 -5.0206e-124
16.69 -3.59833e-124
16.7 -2.57846e-124
16.71 -1.84728e-124
16.72 -1.32317e-124
16.73 -9.47576e-125
16.74 -6.78461e-125
16.75 -4.85678e-125
16.76 -3.47605e-125
16.77 -2.48734e-125
16.78 -1.7795e-125
16.79 -1.27284e-125
16.8 -9.10254e-126
16.81 -6.50825e-126
16.82 -4.65242e-126
16.83 -3.32511e-126
16.84 -2.376e-126
16.85 -1.69747e-126
16.86 -1.21246e-126
16.87 -8.65859e-127
16.88 -6.18216e-127
16.89 -4.41312e-127
16.9 -3.14966e-127
16.91 -2.24748e-127
16.92 -1.6034e-127
16.93 -1.14366e-127
16.94 -8.15584e-128
16.95 -5.81504e-128
16.96 -4.14523e-128
16.97 -2.95433e-128
16.98 -2.10514e-128
16.99 -1.49974e-128
17 -1.06823e-128
17.01 -7.60724e-129
17.02 -5.41629e-129
17.03 -3.85558e-129
17.04 -2.74404e-129
17.05 -1.95256e-129
17.06 -1.38909e-129
17.07 -9.88029e-130
17.08 -7.02623e-130
17.09 -4.9956e-130
17.1 -3.55113e-130
17.11 -2.52382e-130
17.12 -1.79334e-130
17.13 -1.27403e-130
17.14 -9.04922e-131
17.15 -6.4262e-131
17.16 -4.56259e-131
17.17 -3.23877e-131
17.18 -2.2986e-131
17.19 -1.63102e-131
17.2 -1.15709e-131
17.21 -8.20709e-132
17.22 -5.82001e-132
17.23 -4.1264e-132
17.24 -2.92504e-132
17.25 -2.07303e-132
17.26 -1.4689e-132
17.27 -1.04062e-132
17.28 -7.37062e-133
17.29 -5.21951e-133
17.3 -3.69546e-133
17.31 -2.61589e-133
17.32 -1.85133e-133
17.33 -1.30997e-133
17.34 -9.26729e-134
17.35 -6.55475e-134
17.36 -4.63525e-134
17.37 -3.2772e-134
17.38 -2.31657e-134
17.39 -1.6372e-134
17.4 -1.15683e-134
17.41 -8.17242e-135
17.42 -5.77225e-135
17.43 -4.07618e-135
17.44 -2.87789e-135
17.45 -2.03146e-135
17.46 -1.43369e-135
17.47 -1.01161e-135
17.48 -7.13651e-136
17.49 -5.03352e-136
17.5 -3.54953e-136
17.51 -2.50255e-136
17.52 -1.76403e-136
17.53 -1.24321e-136
17.54 -8.75982e-137
17.55 -6.17105e-137
17.56 -4.34646e-137
17.57 -3.06073e-137
17.58 -2.1549e-137
17.59 -1.51685e-137
17.6 -1.06751e-137
17.61 -7.51128e-138
17.62 -5.28407e-138
17.63 -3.71652e-138
17.64 -2.61347e-138
17.65 -1.83743e-138
17.66 -1.29157e-138
17.67 -9.0769e-139
17.68 -6.37779e-139
17.69 -4.48039e-139
17.7 -3.14684e-139
17.71 -2.20977e-139
17.72 -1.55143e-139
17.73 -1.089e-139
17.74 -7.64258e-140
17.75 -5.36246e-140
17.76 -3.76184e-140
17.77 -2.63846e-140
17.78 -1.85018e-140
17.79 -1.29715e-140
17.8 -9.09239e-141
17.81 -6.37206e-141
17.82 -4.46472e-141
17.83 -3.12768e-141
17.84 -2.1906e-141
17.85 -1.53397e-141
17.86 -1.07395e-141
17.87 -7.51734e-142
17.88 -5.26087e-142
17.89 -3.68098e-142
17.9 -2.57503e-142
17.91 -1.801e-142
17.92 -1.25939e-142
17.93 -8.80475e-143
17.94 -6.15443e-143
17.95 -4.30103e-143
17.96 -3.00517e-143
17.97 -2.09932e-143
17.98 -1.46623e-143
17.99 -1.02385e-143
18 -7.14805e-144
18.01 -4.98941e-144
18.02 -3.48197e-144
18.03 -2.42948e-144
18.04 -1.69478e-144
18.05 -1.18203e-144
18.06 -8.24243e-145
18.07 -5.7464e-145
18.08 -4.00543e-145
18.09 -2.79135e-145
18.1 -1.94489e-145
18.11 -1.35483e-145
18.12 -9.43608e-146
18.13 -6.57067e-146
18.14 -4.57447e-146
18.15 -3.18409e-146
18.16 -2.21586e-146
18.17 -1.54175e-146
18.18 -1.0725e-146
18.19 -7.45921e-147
18.2 -5.18683e-147
18.21 -3.60599e-147
18.22 -2.50646e-147
18.23 -1.74184e-147
18.24 -1.21024e-147
18.25 -8.40706e-148
18.26 -5.83891e-148
18.27 -4.05445e-148
18.28 -2.81479e-148
18.29 -1.95376e-148
18.3 -1.35585e-148
18.31 -9.40728e-149
18.32 -6.52574e-149
18.33 -4.52594e-149
18.34 -3.13834e-149
18.35 -2.17573e-149
18.36 -1.50807e-149
18.37 -1.04509e-149
18.38 -7.24097e-150
18.39 -5.01595e-150
18.4 -3.47395e-150
18.41 -2.4055e-150
18.42 -1.66533e-150
18.43 -1.15268e-150
18.44 -7.97686e-151
18.45 -5.51908e-151
18.46 -3.81781e-151
18.47 -2.64044e-151
18.48 -1.82578e-151
18.49 -1.26222e-151
18.5 -8.72441e-152
18.51 -6.02905e-152
18.52 -4.16558e-152
18.53 -2.87749e-152
18.54 -1.98731e-152
18.55 -1.37224e-152
18.56 -9.47347e-153
18.57 -6.53883e-153
18.58 -4.51236e-153
18.59 -3.1133e-153
18.6 -2.14759e-153
18.61 -1.48113e-153
18.62 -1.02129e-153
18.63 -7.04076e-154
18.64 -4.85291e-154
18.65 -3.34424e-154
18.66 -2.30412e-154
18.67 -1.58718e-154
18.68 -1.0931e-154
18.69 -7.52676e-155
18.7 -5.18166e-155
18.71 -3.5665e-155
18.72 -2.4543e-155
18.73 -1.6886e-155
18.74 -1.16156e-155
18.75 -7.98851e-156
18.76 -5.49293e-156
18.77 -3.7762e-156
18.78 -2.59549e-156
18.79 -1.7836e-156
18.8 -1.22543e-156
18.81 -8.41767e-157
18.82 -5.78107e-157
18.83 -3.96952e-157
18.84 -2.72509e-157
18.85 -1.87041e-157
18.86 -1.28353e-157
18.87 -8.80616e-158
18.88 -6.04062e-158
18.89 -4.14275e-158
18.9 -2.8406e-158
18.91 -1.94735e-158
18.92 -1.33472e-158
18.93 -9.14641e-159
18.94 -6.26648e-159
18.95 -4.29249e-159
18.96 -2.93974e-159
18.97 -2.01289e-159
18.98 -1.37799e-159
18.99 -9.43156e-160
19 -6.45408e-160
19.01 -4.41569e-160
19.02 -3.02048e-160
19.03 -2.06569e-160
19.04 -1.41244e-160
19.05 -9.65573e-161
19.06 -6.59955e-161
19.07 -4.50979e-161
19.08 -3.08114e-161
19.09 -2.10465e-161
19.1 -1.43735e-161
19.11 -9.81422e-162
19.12 -6.69982e-162
19.13 -4.57281e-162
19.14 -3.12045e-162
19.15 -2.12894e-162
19.16 -1.45219e-162
19.17 -9.90365e-163
19.18 -6.75276e-163
19.19 -4.60341e-163
19.2 -3.13755e-163
19.21 -2.13804e-163
19.22 -1.45664e-163
19.23 -9.92211e-164
19.24 -6.75722e-164
19.25 -4.60092e-164
19.26 -3.13209e-164
19.27 -2.13176e-164
19.28 -1.45062e-164
19.29 -9.8692e-165
19.3 -6.71311e-165
19.31 -4.5654e-165
19.32 -3.10418e-165
19.33 -2.11022e-165
19.34 -1.43424e-165
19.35 -9.74606e-166
19.36 -6.62139e-166
19.37 -4.49761e-166
19.38 -3.05442e-166
19.39 -2.0739e-166
19.4 -1.40786e-166
19.41 -9.55531e-167
19.42 -6.484e-167
19.43 -4.39901e-167
19.44 -2.98386e-167
19.45 -2.02356e-167
19.46 -1.37204e-167
19.47 -9.30101e-168
19.48 -6.30386e-168
19.49 -4.27165e-168
19.5 -2.894e-168
19.51 -1.96026e-168
19.52 -1.32752e-168
19.53 -8.98844e-169
19.54 -6.0847e-169
19.55 -4.11819e-169
19.56 -2.78668e-169
19.57 -1.8853e-169
19.58 -1.27523e-169
19.59 -8.62398e-170
19.6 -5.83097e-170
19.61 -3.94173e-170
19.62 -2.66407e-170
19.63 -1.80019e-170
19.64 -1.21619e-170
19.65 -8.21486e-171
19.66 -5.54768e-171
19.67 -3.74572e-171
19.68 -2.52856e-171
19.69 -1.70657e-171
19.7 -1.15156e-171
19.71 -7.76895e-172
19.72 -5.24025e-172
19.73 -3.5339e-172
19.74 -2.3827e-172
19.75 -1.60619e-172
19.76 -1.08253e-172
19.77 -7.29447e-173
19.78 -4.91429e-173
19.79 -3.3101e-173
19.8 -2.22913e-173
19.81 -1.50087e-173
19.82 -1.01033e-173
19.83 -6.79977e-174
19.84 -4.57551e-174
19.85 -3.07821e-174
19.86 -2.07048e-174
19.87 -1.39237e-174
19.88 -9.36166e-175
19.89 -6.29309e-175
19.9 -4.22949e-175
19.91 -2.842e-175
19.92 -1.9093e-175
19.93 -1.28244e-175
19.94 -8.61219e-176
19.95 -5.78233e-176
19.96 -3.88155e-176
19.97 -2.60507e-176
19.98 -1.74803e-176
19.99 -1.17271e-176
20 -7.86582e-177
